15.5188254402754 40.0172043236645 0.000240159819953321
14.3890777148263 40.1327308458277 0.000207876546945944
13.105894796219 40.1315246855715 0.000181535328257177
14.5862089472777 40.0480441147254 0.00022242921701176
12.7629669899675 40.1543366329856 0.000165760475563455
10.3903084613047 40.0270594116105 0.000152216165903591
6.67496142974005 40.5068647293092 0.000118504713752429
11.6099112674614 40.3379860093905 0.000177601495872495
12.8367719317227 40.0410917831544 0.000182059852068766
9.85523526203518 40.3000648117227 0.000154058498523045
14.7778053450809 40.0098748813014 0.00022849920681295
13.2762532166035 40.3960035783171 0.00017354416633134
12.4819881541988 40.1134304686036 0.000179343477587434
8.85071908327871 40.5811657982935 0.00013854730418748
13.3905858588322 40.002315737015 0.000199143506207463
13.3508861305983 40.0054269036329 0.000192539788922442
14.6193190587738 40.0400123222259 0.00020571979032729
11.8419762636054 40.0169341086315 0.000181768789227526
7.70926537945587 40.2772120213467 0.000138546335425656
13.1146615080069 40.1356696896581 0.000185145829248065
14.4414691870856 40.0566999293693 0.000223852472882619
12.5092846546473 40.0322622034754 0.000173708587201759
9.47685664027328 40.0864382682299 0.000138111163966772
15.1555384483219 40.0007070429469 0.00023489231138535
15.3507577101344 40.0193577533457 0.000235893576520603
13.2005647575342 40.0011160563959 0.000203836760196149
6.51301198231583 40.0905196913156 0.000113640711513759
12.9437562792543 40.0049146507452 0.000187837311530751
12.4188515713776 40.001495396009 0.000175163353944748
13.7060052299545 40.0181630251547 0.000176293089088991
7.16545926798611 40.2237275650273 0.000133380472180091
14.66045720038 40.0032134479266 0.000224352524313634
16.1324438242504 40.0581892771818 0.000237031050516479
9.73730732455659 40.3404845262802 0.000114987343225884
17.0411903919619 40.2112632391446 0.000269751761118283
12.3458141403513 40.0672934511631 0.000177053846441237
14.5424666244428 40.074098828654 0.000221285090050078
12.2076743027503 40.0900681164922 0.000163494390880791
15.5448895813599 40.0755459941848 0.000234176708104538
13.1727303511163 40.1541808747905 0.000180413984584712
9.41846323224634 40.1523073393228 0.000133909072428235
11.3897710865829 40.0603882561068 0.000168756570593459
13.6068352172686 40.0649586782547 0.000191114739188894
15.2693563983449 40.0253706435454 0.000261968549528099
11.1651497789517 40.026565584031 0.000157819621394947
15.7943138900214 40.0629384979774 0.000247874492562331
14.3640266555686 40.0170594334241 0.000229715498001452
14.153820334704 40.0724189469664 0.000206812198271461
16.6286060814513 40.07970804476 0.000265902420093292
13.0591180423305 40.0125382473608 0.000226925503274045
