11.9122482132388 36.6633831000291 0.000476584331387375
0.262908710864639 36.9441884353759 0.000285806307189196
13.3411597993469 37.7106988991992 0.000456920291763505
8.72696277275022 36.3009482931324 0.000375432461069113
14.0185028384972 36.8604759897286 0.000727640839871563
10.2325307768285 36.4267743233183 0.000433540660224719
2.80874085389954 37.7446306698373 0.000292289350994839
11.4900145474678 37.4025716618022 0.000428640173785771
10.9382603484259 38.0894865850791 0.000497421924184438
13.172697989784 38.1462169783683 0.000446737706908464
12.5334118893291 38.1682261323131 0.000518278347428242
14.6625300315655 36.8445529901705 0.00063024193833198
14.3372889103277 35.9568348773872 0.000563187317845479
15.7272892492698 36.3123727834287 0.000616543036058805
16.6205517911262 38.2871497531203 0.000561169139739907
16.3054627382558 39.0114776301787 0.000539309413918721
14.7309107232711 37.038154541619 0.000560505589441003
8.45454471307217 37.8287392633269 0.00041546912446907
14.855378723886 38.3396338388823 0.00050419211795764
10.4919013443667 36.047158237582 0.000540801875907614
13.5370994753242 37.8740673143882 0.000478939348718381
13.8588322610659 37.1559690667787 0.00057569984541519
14.0349334077174 36.9591601207441 0.000602513512242926
15.8158834842782 37.3155315588735 0.000621887651647535
7.55517254441966 36.4248353220314 0.000442219630810556
16.723188874226 37.8513794315546 0.00058328400185693
13.2083863056729 36.2358775995032 0.000495811849018251
14.3041834617907 37.0183852511589 0.00055824037883055
12.3359756909829 38.5577949987645 0.000500286984830044
7.13727664010247 35.6294117301194 0.000511846386686404
9.54692724603299 39.0750942697527 0.000459238612639425
10.8754763407887 38.2610501884879 0.0004287602709077
13.3173883956376 38.1637834315406 0.000389259811544683
17.1413868186881 37.8195237153949 0.000597069070737002
12.2259737771782 38.0099252155329 0.000477358314848662
16.7684623550977 37.030613099258 0.000501952638703641
14.1553189245552 38.1713349989017 0.000517500366881857
13.810460473551 36.4558398851965 0.000447217572329657
16.252111134192 37.454137470148 0.000571685308709387
17.3785391761663 37.5931243361086 0.000586896940243154
14.9617435565858 37.7248719329103 0.000528423671373624
9.51286523970223 38.2442833315504 0.000410662273179491
10.7328788199092 37.1530257113862 0.000526809002347062
14.9322456998787 36.8258042520493 0.000628249095668171
14.0945053418138 39.0013127727193 0.000461775871742495
11.7352326350936 36.9112510827669 0.000422533088686473
14.9613183200892 37.0481291758073 0.000537710539405936
12.1075070203543 37.7522341363349 0.000424869541888657
13.730860257603 37.5305999495548 0.000476563685040878
0.89957799038026 37.2808846960638 0.000351598928491476
