8.70947676050328 39.1119167005952 6.91522861207662e-05
10.5198187042618 39.0168283705885 7.19234274262864e-05
8.64264749566462 39.0593323979516 6.47943318810436e-05
10.1622816904064 39.3939634315636 6.95692955178084e-05
13.4596697591417 39.3021744782107 8.37101703120998e-05
7.39874497022113 39.0533734728054 6.09595179485768e-05
14.1204468860553 39.0119356064384 9.68018815740687e-05
10.701890643128 39.5328766313867 7.20236592506273e-05
9.03854873808039 39.1765332470334 6.99394692373723e-05
11.6282172694887 39.0034293288753 7.945896374542e-05
6.00647587569054 39.073635462064 6.05327087813658e-05
12.5899846346813 39.0033267551984 8.31424847842596e-05
10.7495917683288 39.0716640737719 8.00625001150048e-05
9.63334251157942 39.0883108329407 6.98577082849458e-05
12.0553086307935 39.0343059300204 8.49107818181367e-05
10.6772401311912 39.0105574240504 7.72335666557742e-05
12.2873063185633 39.111928622297 8.47534876718456e-05
12.6337756852814 39.115438484205 8.24691766953197e-05
9.80365400914292 39.3858621099947 6.86433045003631e-05
11.6208278539347 39.2604834096906 7.91628923006031e-05
9.07483186120892 39.3993884135633 7.23430545886485e-05
11.7020589504973 39.4918802774049 7.90194949141546e-05
13.494145011502 39.0600887414405 8.68910513725801e-05
9.61253478235911 39.0372138633913 7.30970581370365e-05
9.84606665036102 39.5866260265881 7.14898575830492e-05
10.3598328917564 39.1417576853 6.90198872979123e-05
13.8033233750265 39.0046060135508 9.62162714459529e-05
11.3707061209754 39.0128993508498 7.72675935894306e-05
11.2704499654931 39.2216325434529 7.85519699839301e-05
12.2145906907769 39.45092372877 8.42044665690176e-05
11.1503285462459 39.5976699979905 7.66938717484955e-05
14.262795328224 39.3311719770925 8.53035521017707e-05
12.2883802092241 39.0829759938855 8.10954910695078e-05
11.1497530282156 39.0275212747518 7.57112105495972e-05
9.1131665313417 39.0153974673676 6.74833479959123e-05
8.32723434716535 39.3475113110706 6.30296980186976e-05
8.44156721251284 39.1629022137459 6.25458302215053e-05
7.02086523785701 39.0172254992258 6.36470975291454e-05
10.3449788840087 39.1072083188702 7.24249367802696e-05
6.69548265312827 39.0046034623825 6.18963648212344e-05
10.2319730109163 39.2847640507209 7.33522836321978e-05
8.69537021211725 39.1703940478947 6.63337369328458e-05
11.4655077219542 39.0946893108345 7.51492366794019e-05
11.4478436020258 39.234346626476 7.43938843412338e-05
11.4755116926797 39.2553434191634 7.76619949748546e-05
11.9071736018822 39.0490568060986 7.65290746572041e-05
13.9793408623878 39.049577966391 9.55645654487669e-05
9.84183963887789 39.1684260600098 7.61596934851798e-05
9.42353554674632 39.108006442719 7.03181152037892e-05
10.3692296488184 39.052427449922 6.81122365268858e-05
