6.03658082350855 39.5959072495741 -0.0960009097515777
9.46022467982965 36.1209130663642 -0.166155700893628
9.42767720627422 36.845230277447 -0.166229689236301
11.2231643364138 38.5873830422128 -0.156995807581157
9.96274305620516 37.0664534326122 -0.15711373345327
8.90080394127931 38.1418743202376 -0.140964721252272
9.16765110405755 38.5195347587949 -0.134579343817517
7.91247544510091 37.8307801715582 -0.135068921665329
7.92361340802148 38.5535417275798 -0.117547903827367
9.42013900003395 36.8578227621821 -0.165132558262667
9.07164593747703 39.3697752432862 -0.104660364659343
12.0238605592115 37.3008457213838 -0.181313105459303
6.40626511911977 38.980587482286 -0.104388722310088
12.3298943122089 38.5436175895885 -0.162929800321164
11.680139154061 35.4122412195043 -0.229519499591505
9.61063711645137 37.3048689005134 -0.157836934366415
7.64282909003913 38.4632877538982 -0.127533779041456
8.79714978654835 37.100553628022 -0.14989902011957
6.09725348656669 38.6186467488095 -0.113609930534134
10.3479446674335 38.4345672565859 -0.15072859569395
7.89431014646338 35.8695434302545 -0.156889662132316
9.22334115223213 37.7948429912801 -0.14268884211936
8.51985211397756 38.6224083818501 -0.126297756025416
12.850591936453 35.9814380635515 -0.237110291698958
11.8370632370969 37.147475196011 -0.189074981055474
7.42801280619989 38.762820818941 -0.121950501869039
7.93009749140085 37.8255449480047 -0.125743648145746
8.28994514637421 39.6617628246706 -0.116375695261605
10.5593279661184 37.4129892747777 -0.155818175865722
9.25918288613589 37.0312261279094 -0.143312661494433
9.7535400204539 36.7558819297705 -0.197586021534727
8.88790090497884 38.0079993283907 -0.129772511218664
6.90279742148951 38.0234992633318 -0.112228495409111
10.6943451775735 36.0817200891833 -0.198954158035354
9.22439730656038 37.4999911421981 -0.143215428848479
8.93773922609895 38.7512735826022 -0.131943604955828
9.05549704198158 38.1519939695174 -0.133875122287248
8.47241914594862 38.5367184121501 -0.121428552769409
9.15559456092471 37.1026679792035 -0.167025482522321
8.39657049014611 36.3746282995746 -0.147825130083002
8.68496806544898 37.8938537509318 -0.146598497838561
9.79476459895123 38.1763119672216 -0.137631162797849
9.25130145838365 39.2145868992183 -0.128570901826264
9.49815920827981 37.9205145284457 -0.148965060062408
7.68948742559568 38.6954915386242 -0.112515337175971
9.15305909313937 38.4594568928187 -0.133756038163457
10.4673334448599 38.3920660079145 -0.156460624662185
7.11279552009587 38.4230283346291 -0.120923590443105
8.67661501406936 38.4281325612058 -0.132668291248104
9.42229408287995 37.3123520905844 -0.151971223977773
