11.0263882335002 48.6884616588695 6.2369630161417e-05
17.5688244614815 41.9747058344673 0.000115033124405689
15.2554470255759 43.6027104913238 8.60870799582309e-05
4.75844417907043 45.2105810986797 5.21772163246935e-05
6.25937585254618 45.8822368832924 4.86502981210225e-05
7.03912667126633 43.0658505819252 6.12248625062827e-05
11.7751538555311 41.1157319020266 8.39706471039845e-05
16.198728775917 44.3840159023362 9.44267814957742e-05
8.76593942491601 44.0392926385619 5.53475582818757e-05
12.574863501807 48.4180141460457 6.38997923964842e-05
11.15747939199 42.4125348479582 6.96453280945866e-05
13.5385156022163 44.013203971736 7.84941382754998e-05
8.80635517623429 47.2906265805146 5.49609835079614e-05
20.8039198952246 42.5211024725363 0.000140158366787077
9.11566219946863 43.807885568459 6.66913891865273e-05
7.73370940636093 46.1487487762062 5.17248567406027e-05
7.1670916877203 50.0524968520322 4.46806650850472e-05
16.4188709905246 41.4126918686707 9.72590027907289e-05
8.00560977929973 45.0114279806584 5.9713011328947e-05
9.0664434911554 45.4093983588209 5.63226470734138e-05
17.536330227643 43.2706667795738 0.000104214044573286
15.8101925886566 47.1632688668198 6.95674380432976e-05
10.7241648261387 46.3263849408675 5.83574629137891e-05
5.26967531534694 42.5228844676951 5.84283725856171e-05
9.32191408207476 47.9198022788508 5.05056708392503e-05
9.25801807649794 45.2539498240654 6.56855195835522e-05
19.8269875597268 40.6914543749585 0.000144222375634292
12.9580609156894 43.2555815810395 8.33762309250719e-05
15.9465155377933 43.6236766886726 9.00629883768457e-05
10.8244037557519 44.6719596358389 6.60042234164502e-05
9.34632092844387 51.7739565416777 4.82696951163611e-05
10.3861280653218 45.6790323696674 6.33279339224783e-05
11.8073775853592 41.9608554665438 7.77800626272416e-05
10.784950589471 49.303289685985 6.12678545501945e-05
6.31152586383503 53.7823018340566 3.83210996821923e-05
18.3963697000951 40.1703075493041 0.000140638319428799
18.7111750935617 40.3121473539625 0.000130402476936688
7.28557911861434 49.2202020765933 4.5363432021964e-05
6.60268410941583 47.7160149814295 4.82787367793822e-05
3.80520310728889 46.7682209470421 4.79991788627903e-05
15.5165297813095 41.4210469163486 0.000100019921446229
11.9366427535688 44.190724620235 6.72568451306169e-05
4.02459163349447 52.5747376839502 4.09222725779544e-05
16.4662914379722 44.7174522992028 9.35453338901333e-05
7.99656748755777 48.8326749457168 4.95304526737757e-05
19.5311096499247 42.7926004114623 0.000124850962508035
11.6595995210981 50.8622282146282 5.35566413342355e-05
13.7535903317216 49.2747879657348 6.46703527764746e-05
18.3160118236419 40.009539043784 0.000134634399972646
8.57699088505425 44.1212355007933 7.12418737391519e-05
