9964.86 907.006 300.35
9966.89 894.498 284.12
9967.44 887.995 277.44
9967.77 882.55 272.31
9967.99 877.699 268
9968.13 873.266 264.21
9968.23 869.167 260.78
9968.3 865.352 257.63
9968.35 861.792 254.7
9968.38 858.468 251.94
9968.39 855.367 249.34
9968.4 852.482 246.86
9968.41 849.807 244.49
9968.41 847.337 242.21
9968.41 845.072 240.02
9968.41 843.008 237.9
9968.42 841.146 235.85
9968.43 839.484 233.86
9968.44 838.022 231.93
9968.46 836.76 230.04
9968.49 835.696 228.2
9968.52 834.831 226.41
9968.56 834.164 224.65
9968.61 833.693 222.94
9968.67 833.419 221.25
9968.73 833.339 219.6
9968.81 833.452 217.98
9968.89 833.755 216.39
9968.98 834.248 214.83
9969.08 834.926 213.29
9969.19 835.788 211.78
9969.31 836.831 210.3
9969.44 838.05 208.84
9969.58 839.442 207.4
9969.72 841.003 205.98
9969.87 842.729 204.59
9970.03 844.615 203.22
9970.19 846.657 201.87
9970.36 848.848 200.54
9970.54 851.184 199.23
9970.72 853.658 197.94
9970.9 856.266 196.67
9971.09 859 195.42
9971.28 861.856 194.19
9971.48 864.825 192.98
9971.67 867.901 191.79
9971.87 871.079 190.63
9972.07 874.35 189.48
9972.27 877.707 188.35
9972.46 881.144 187.24
9972.66 884.654 186.16
9972.85 888.228 185.09
9973.04 891.859 184.04
9973.22 895.541 183.02
9973.4 899.265 182.02
9973.57 903.024 181.03
9973.74 906.81 180.07
9973.9 910.617 179.13
9974.06 914.437 178.21
9974.2 918.261 177.32
9974.34 922.084 176.44
9974.47 925.896 175.59
9974.58 929.692 174.76
9974.69 933.464 173.95
9974.78 937.205 173.17
9974.86 940.908 172.41
9974.92 944.565 171.67
9974.97 948.171 170.96
9975 951.717 170.27
9975.01 955.198 169.6
9975 958.606 168.96
9974.97 961.936 168.35
9974.92 965.18 167.76
9974.84 968.333 167.19
9974.74 971.387 166.66
9974.6 974.336 166.15
9974.44 977.173 165.66
9974.23 979.893 165.21
9973.98 982.488 164.79
9973.69 984.95 164.39
9973.35 987.273 164.03
9972.95 989.449 163.71
9972.49 991.469 163.42
9971.95 993.322 163.16
9971.32 995 162.95
9970.59 996.487 162.78
9969.75 997.771 162.66
9968.76 998.833 162.58
9967.61 999.651 162.57
9966.25 1000.2 162.62
9964.64 1000.44 162.74
9962.71 1000.32 162.94
9960.36 999.794 163.25
9957.48 998.761 163.67
9953.85 997.102 164.23
9949.19 994.627 164.98
9942.96 991.037 165.98
9934.2 985.803 167.34
9920.82 977.859 169.27
9896.7 964.346 172.37
9782.63 913.751 183.38
