9966.08 960.82 298.25
9969.94 952.672 281.22
9971.17 947.947 274.19
9971.98 943.801 268.81
9972.59 939.974 264.28
9973.06 936.375 260.3
9973.45 932.959 256.71
9973.77 929.705 253.41
9974.04 926.601 250.35
9974.27 923.64 247.48
9974.47 920.819 244.77
9974.65 918.138 242.19
9974.8 915.598 239.73
9974.94 913.201 237.38
9975.06 910.947 235.12
9975.18 908.841 232.94
9975.28 906.883 230.83
9975.38 905.078 228.79
9975.47 903.426 226.82
9975.56 901.931 224.9
9975.64 900.594 223.03
9975.72 899.417 221.21
9975.8 898.402 219.44
9975.87 897.55 217.71
9975.95 896.862 216.01
9976.03 896.338 214.36
9976.1 895.978 212.74
9976.18 895.783 211.15
9976.26 895.751 209.6
9976.34 895.882 208.08
9976.42 896.175 206.58
9976.5 896.627 205.12
9976.59 897.237 203.68
9976.68 898.002 202.27
9976.76 898.919 200.88
9976.85 899.986 199.52
9976.94 901.198 198.18
9977.03 902.553 196.87
9977.13 904.045 195.57
9977.22 905.671 194.31
9977.31 907.426 193.06
9977.4 909.304 191.84
9977.5 911.301 190.63
9977.59 913.411 189.45
9977.68 915.628 188.3
9977.77 917.947 187.16
9977.85 920.361 186.04
9977.94 922.864 184.95
9978.02 925.449 183.88
9978.1 928.11 182.83
9978.17 930.84 181.8
9978.24 933.633 180.79
9978.3 936.48 179.8
9978.36 939.376 178.84
9978.41 942.313 177.89
9978.45 945.284 176.97
9978.49 948.282 176.07
9978.52 951.299 175.19
9978.54 954.329 174.33
9978.55 957.363 173.5
9978.55 960.396 172.69
9978.53 963.419 171.9
9978.51 966.426 171.13
9978.47 969.41 170.38
9978.42 972.363 169.66
9978.35 975.278 168.96
9978.26 978.15 168.29
9978.16 980.97 167.63
9978.04 983.732 167
9977.89 986.43 166.4
9977.73 989.056 165.82
9977.54 991.605 165.26
9977.32 994.07 164.73
9977.07 996.444 164.22
9976.78 998.722 163.74
9976.46 1000.9 163.28
9976.1 1002.96 162.86
9975.7 1004.91 162.45
9975.24 1006.73 162.08
9974.73 1008.43 161.73
9974.15 1009.98 161.42
9973.5 1011.39 161.13
9972.77 1012.65 160.88
9971.94 1013.74 160.66
9971 1014.66 160.47
9969.93 1015.39 160.33
9968.71 1015.92 160.22
9967.3 1016.22 160.16
9965.67 1016.29 160.14
9963.77 1016.08 160.18
9961.54 1015.56 160.27
9958.88 1014.68 160.42
9955.66 1013.38 160.65
9951.72 1011.56 160.97
9946.79 1009.1 161.39
9940.45 1005.78 161.94
9931.99 1001.3 162.66
9920.1 995.083 163.61
9901.92 985.986 164.92
9869.11 970.936 166.95
9714.18 915.916 173.56
