9953.04 977.046 300.68
9958.7 968.943 283.54
9960.48 963.972 276.47
9961.65 959.513 271.06
9962.51 955.331 266.5
9963.18 951.343 262.49
9963.72 947.51 258.87
9964.17 943.814 255.55
9964.54 940.245 252.46
9964.85 936.799 249.56
9965.11 933.475 246.82
9965.34 930.275 244.22
9965.53 927.201 241.74
9965.7 924.257 239.36
9965.85 921.446 237.07
9965.99 918.772 234.87
9966.1 916.24 232.74
9966.21 913.854 230.67
9966.31 911.618 228.67
9966.39 909.537 226.72
9966.48 907.615 224.83
9966.56 905.855 222.98
9966.64 904.26 221.18
9966.71 902.834 219.42
9966.79 901.58 217.69
9966.86 900.5 216.01
9966.94 899.596 214.35
9967.02 898.87 212.73
9967.1 898.322 211.14
9967.19 897.954 209.58
9967.28 897.767 208.05
9967.37 897.759 206.55
9967.47 897.931 205.07
9967.57 898.282 203.61
9967.68 898.81 202.18
9967.79 899.513 200.77
9967.9 900.39 199.39
9968.02 901.437 198.03
9968.14 902.652 196.69
9968.27 904.031 195.37
9968.4 905.57 194.07
9968.54 907.265 192.79
9968.67 909.112 191.53
9968.81 911.105 190.29
9968.95 913.239 189.08
9969.09 915.509 187.88
9969.23 917.908 186.7
9969.37 920.432 185.54
9969.52 923.072 184.4
9969.66 925.824 183.29
9969.79 928.679 182.19
9969.93 931.63 181.11
9970.06 934.671 180.05
9970.19 937.794 179.01
9970.31 940.991 177.99
9970.42 944.255 177
9970.53 947.578 176.02
9970.63 950.952 175.06
9970.73 954.369 174.13
9970.81 957.82 173.22
9970.88 961.299 172.32
9970.94 964.796 171.45
9970.99 968.303 170.6
9971.02 971.812 169.78
9971.04 975.316 168.97
9971.04 978.804 168.19
9971.02 982.271 167.43
9970.98 985.706 166.69
9970.92 989.103 165.98
9970.83 992.452 165.29
9970.72 995.745 164.62
9970.58 998.975 163.98
9970.41 1002.13 163.37
9970.21 1005.21 162.77
9969.96 1008.2 162.21
9969.68 1011.09 161.67
9969.35 1013.87 161.16
9968.97 1016.54 160.67
9968.53 1019.09 160.21
9968.03 1021.5 159.78
9967.46 1023.76 159.39
9966.81 1025.87 159.02
9966.06 1027.81 158.69
9965.21 1029.57 158.39
9964.23 1031.14 158.12
9963.11 1032.49 157.9
9961.81 1033.61 157.71
9960.32 1034.47 157.57
9958.57 1035.04 157.47
9956.53 1035.3 157.43
9954.11 1035.19 157.45
9951.23 1034.65 157.53
9947.73 1033.62 157.69
9943.43 1031.97 157.93
9938.04 1029.56 158.28
9931.09 1026.17 158.76
9921.79 1021.42 159.4
9908.7 1014.7 160.28
9888.62 1004.71 161.52
9852.28 988.051 163.45
9679.42 927.142 169.71
