9979.49 1034.77 282.69
9980.84 1020.52 266.44
9981.23 1012.98 259.74
9981.46 1006.58 254.6
9981.61 1000.79 250.28
9981.72 995.432 246.48
9981.79 990.404 243.04
9981.83 985.657 239.89
9981.86 981.159 236.95
9981.88 976.894 234.19
9981.89 972.848 231.59
9981.89 969.015 229.11
9981.88 965.391 226.75
9981.87 961.975 224.48
9981.86 958.765 222.29
9981.84 955.763 220.18
9981.83 952.97 218.14
9981.81 950.386 216.17
9981.8 948.014 214.25
9981.79 945.855 212.38
9981.79 943.911 210.56
9981.78 942.184 208.78
9981.78 940.674 207.04
9981.79 939.384 205.34
9981.8 938.313 203.68
9981.81 937.461 202.05
9981.83 936.831 200.45
9981.86 936.42 198.88
9981.89 936.228 197.34
9981.93 936.254 195.82
9981.97 936.497 194.33
9982.02 936.954 192.87
9982.08 937.624 191.43
9982.14 938.504 190.01
9982.21 939.589 188.62
9982.28 940.878 187.24
9982.36 942.365 185.89
9982.44 944.046 184.55
9982.53 945.916 183.24
9982.62 947.971 181.95
9982.71 950.205 180.68
9982.81 952.612 179.42
9982.92 955.185 178.19
9983.02 957.919 176.98
9983.13 960.806 175.78
9983.24 963.839 174.61
9983.36 967.011 173.45
9983.47 970.315 172.31
9983.59 973.743 171.19
9983.7 977.287 170.1
9983.81 980.939 169.02
9983.93 984.69 167.96
9984.04 988.533 166.92
9984.15 992.458 165.9
9984.26 996.457 164.9
9984.36 1000.52 163.92
9984.46 1004.64 162.97
9984.56 1008.81 162.03
9984.65 1013.02 161.12
9984.74 1017.26 160.22
9984.82 1021.52 159.35
9984.9 1025.8 158.5
9984.97 1030.07 157.67
9985.03 1034.34 156.87
9985.08 1038.6 156.08
9985.13 1042.84 155.32
9985.16 1047.04 154.59
9985.18 1051.21 153.87
9985.2 1055.33 153.18
9985.2 1059.39 152.52
9985.19 1063.38 151.88
9985.16 1067.3 151.26
9985.12 1071.14 150.67
9985.06 1074.88 150.11
9984.98 1078.53 149.57
9984.88 1082.07 149.06
9984.76 1085.49 148.57
9984.62 1088.79 148.12
9984.45 1091.95 147.69
9984.24 1094.96 147.3
9984.01 1097.82 146.93
9983.74 1100.52 146.6
9983.42 1103.04 146.3
9983.05 1105.36 146.04
9982.63 1107.49 145.82
9982.13 1109.4 145.64
9981.56 1111.06 145.5
9980.9 1112.47 145.41
9980.12 1113.6 145.37
9979.2 1114.41 145.39
9978.11 1114.86 145.47
9976.81 1114.9 145.63
9975.22 1114.47 145.87
9973.26 1113.46 146.22
9970.79 1111.75 146.69
9967.6 1109.12 147.32
9963.31 1105.26 148.16
9957.22 1099.6 149.29
9947.8 1090.99 150.88
9930.47 1076.37 153.37
9844.03 1021.62 161.49
