9090.64 555.15 365
9270.19 564.349 361.35
9328.32 566.516 352.56
9367.44 567.621 345.92
9397.07 568.224 340.38
9420.84 568.539 335.56
9440.58 568.676 331.23
9457.39 568.7 327.27
9471.94 568.653 323.62
9484.72 568.563 320.21
9496.05 568.453 317
9506.2 568.339 313.96
9515.36 568.233 311.07
9523.67 568.147 308.31
9531.27 568.087 305.66
9538.25 568.061 303.12
9544.68 568.076 300.67
9550.64 568.136 298.3
9556.18 568.246 296.02
9561.36 568.409 293.8
9566.2 568.629 291.64
9570.75 568.908 289.55
9575.03 569.248 287.51
9579.08 569.652 285.53
9582.91 570.121 283.59
9586.54 570.655 281.7
9589.99 571.257 279.86
9593.27 571.926 278.05
9596.41 572.663 276.29
9599.4 573.468 274.56
9602.26 574.34 272.87
9604.99 575.279 271.22
9607.61 576.284 269.6
9610.12 577.354 268.01
9612.52 578.487 266.45
9614.83 579.682 264.92
9617.03 580.938 263.42
9619.14 582.252 261.95
9621.16 583.622 260.51
9623.08 585.045 259.1
9624.92 586.519 257.71
9626.66 588.041 256.35
9628.32 589.608 255.02
9629.88 591.217 253.71
9631.35 592.865 252.43
9632.73 594.547 251.17
9634.02 596.261 249.94
9635.21 598.003 248.73
9636.29 599.768 247.54
9637.28 601.553 246.38
9638.16 603.354 245.25
9638.93 605.167 244.13
9639.58 606.987 243.04
9640.12 608.81 241.98
9640.53 610.633 240.94
9640.82 612.45 239.92
9640.97 614.257 238.92
9640.98 616.05 237.95
9640.84 617.825 237
9640.54 619.577 236.08
9640.08 621.301 235.18
9639.45 622.995 234.3
9638.64 624.653 233.44
9637.63 626.27 232.61
9636.42 627.844 231.81
9634.99 629.37 231.02
9633.33 630.843 230.26
9631.42 632.26 229.53
9629.25 633.616 228.82
9626.79 634.909 228.13
9624.02 636.133 227.47
9620.93 637.286 226.83
9617.48 638.362 226.22
9613.65 639.359 225.64
9609.4 640.272 225.08
9604.69 641.097 224.55
9599.49 641.83 224.05
9593.73 642.466 223.58
9587.37 643 223.13
9580.35 643.427 222.72
9572.58 643.74 222.35
9563.98 643.933 222
9554.44 643.998 221.7
9543.86 643.926 221.43
9532.09 643.704 221.2
9518.95 643.32 221.02
9504.24 642.757 220.89
9487.72 641.994 220.82
9469.07 641.006 220.81
9447.9 639.759 220.86
9423.72 638.211 221
9395.88 636.307 221.23
9363.54 633.973 221.58
9325.52 631.107 222.06
9280.17 627.566 222.73
9225.03 623.139 223.62
9156.2 617.495 224.84
9066.94 610.067 226.56
8943.72 599.737 229.13
8750.69 583.593 233.59
8098.76 530.837 253.37
