9917.33 949.424 311.82
9935.49 950.78 294.11
9941.24 949.489 286.7
9945.07 947.661 280.99
9947.94 945.504 276.17
9950.21 943.102 271.9
9952.09 940.52 268.04
9953.65 937.863 264.49
9954.99 935.161 261.18
9956.15 932.431 258.08
9957.16 929.69 255.14
9958.04 926.952 252.35
9958.83 924.229 249.69
9959.53 921.534 247.14
9960.15 918.877 244.69
9960.72 916.269 242.33
9961.23 913.721 240.04
9961.69 911.24 237.83
9962.11 908.838 235.69
9962.5 906.521 233.61
9962.85 904.3 231.58
9963.18 902.181 229.61
9963.48 900.171 227.68
9963.76 898.279 225.8
9964.02 896.511 223.97
9964.27 894.873 222.17
9964.5 893.37 220.41
9964.72 892.009 218.69
9964.93 890.793 217
9965.13 889.728 215.34
9965.33 888.817 213.72
9965.51 888.064 212.12
9965.69 887.471 210.55
9965.87 887.041 209.01
9966.04 886.776 207.49
9966.21 886.677 206
9966.38 886.744 204.54
9966.54 886.979 203.09
9966.7 887.38 201.67
9966.86 887.947 200.28
9967.02 888.68 198.9
9967.17 889.575 197.55
9967.33 890.631 196.21
9967.48 891.845 194.9
9967.63 893.214 193.61
9967.77 894.734 192.34
9967.92 896.402 191.09
9968.06 898.212 189.86
9968.19 900.16 188.65
9968.32 902.24 187.46
9968.45 904.447 186.29
9968.57 906.775 185.14
9968.68 909.218 184.01
9968.79 911.768 182.9
9968.89 914.42 181.81
9968.98 917.165 180.75
9969.06 919.996 179.7
9969.13 922.906 178.68
9969.18 925.886 177.67
9969.23 928.929 176.69
9969.25 932.026 175.73
9969.27 935.169 174.79
9969.26 938.349 173.87
9969.24 941.557 172.98
9969.19 944.784 172.11
9969.12 948.022 171.26
9969.03 951.261 170.43
9968.91 954.492 169.63
9968.76 957.706 168.85
9968.58 960.892 168.1
9968.36 964.042 167.37
9968.11 967.146 166.67
9967.81 970.193 165.99
9967.47 973.174 165.33
9967.07 976.078 164.71
9966.62 978.895 164.11
9966.1 981.613 163.54
9965.51 984.222 162.99
9964.85 986.709 162.47
9964.09 989.062 161.99
9963.22 991.267 161.53
9962.24 993.311 161.1
9961.13 995.178 160.7
9959.86 996.85 160.34
9958.4 998.307 160.01
9956.73 999.53 159.71
9954.81 1000.49 159.44
9952.58 1001.16 159.22
9949.97 1001.5 159.03
9946.91 1001.47 158.88
9943.27 1001.01 158.77
9938.91 1000.06 158.7
9933.59 998.51 158.68
9927 996.241 158.7
9918.67 993.069 158.76
9907.82 988.727 158.88
9893.18 982.788 159.03
9872.31 974.512 159.21
9839.91 962.413 159.39
9780.42 942.533 159.46
9493.4 871.555 158.01
