9989.2 1144.02 279.07
9990.81 1135.7 262.08
9991.33 1130.55 255.04
9991.67 1125.8 249.63
9991.92 1121.22 245.07
9992.11 1116.71 241.05
9992.27 1112.22 237.41
9992.39 1107.73 234.05
9992.5 1103.24 230.93
9992.59 1098.83 228
9992.66 1094.5 225.23
9992.72 1090.25 222.59
9992.77 1086.1 220.08
9992.82 1082.03 217.67
9992.85 1078.08 215.35
9992.88 1074.23 213.11
9992.91 1070.5 210.95
9992.93 1066.89 208.85
9992.95 1063.42 206.82
9992.96 1060.09 204.85
9992.98 1056.91 202.93
9992.99 1053.89 201.05
9993 1051.04 199.22
9993.01 1048.36 197.44
9993.02 1045.86 195.69
9993.02 1043.54 193.98
9993.03 1041.42 192.31
9993.04 1039.5 190.67
9993.05 1037.79 189.06
9993.06 1036.29 187.48
9993.07 1035 185.93
9993.08 1033.92 184.41
9993.1 1033.07 182.91
9993.11 1032.44 181.44
9993.13 1032.03 179.99
9993.14 1031.85 178.56
9993.16 1031.9 177.16
9993.19 1032.17 175.78
9993.21 1032.66 174.42
9993.23 1033.38 173.08
9993.26 1034.32 171.77
9993.29 1035.47 170.47
9993.32 1036.84 169.19
9993.35 1038.42 167.94
9993.38 1040.21 166.7
9993.42 1042.19 165.49
9993.45 1044.37 164.29
9993.49 1046.74 163.11
9993.52 1049.29 161.96
9993.56 1052.01 160.82
9993.59 1054.9 159.7
9993.63 1057.95 158.61
9993.67 1061.14 157.53
9993.7 1064.48 156.47
9993.74 1067.95 155.44
9993.77 1071.54 154.42
9993.8 1075.24 153.43
9993.84 1079.05 152.45
9993.86 1082.95 151.5
9993.89 1086.93 150.57
9993.92 1090.98 149.66
9993.94 1095.09 148.78
9993.96 1099.26 147.91
9993.97 1103.46 147.07
9993.99 1107.69 146.26
9993.99 1111.94 145.46
9994 1116.19 144.69
9993.99 1120.45 143.95
9993.99 1124.68 143.22
9993.97 1128.89 142.53
9993.95 1133.06 141.86
9993.92 1137.18 141.21
9993.89 1141.24 140.59
9993.84 1145.24 140
9993.79 1149.14 139.43
9993.72 1152.96 138.89
9993.65 1156.67 138.38
9993.56 1160.26 137.9
9993.45 1163.72 137.45
9993.32 1167.04 137.03
9993.18 1170.21 136.64
9993.02 1173.21 136.29
9992.82 1176.03 135.97
9992.6 1178.65 135.68
9992.34 1181.06 135.44
9992.04 1183.24 135.24
9991.69 1185.16 135.08
9991.28 1186.8 134.97
9990.8 1188.13 134.92
9990.22 1189.12 134.92
9989.52 1189.72 134.98
9988.67 1189.87 135.12
9987.62 1189.49 135.34
9986.29 1188.48 135.66
9984.57 1186.69 136.1
9982.28 1183.89 136.67
9979.09 1179.71 137.41
9974.37 1173.51 138.37
9966.67 1164 139.64
9951.48 1147.66 141.39
9862.59 1085.23 144.94
