9936.59 793.658 305.08
9937.82 785.591 289.72
9938.14 781.673 283.35
9938.34 778.577 278.45
9938.48 775.979 274.32
9938.59 773.751 270.68
9938.69 771.83 267.38
9938.77 770.177 264.35
9938.86 768.767 261.52
9938.95 767.581 258.86
9939.05 766.607 256.35
9939.15 765.834 253.96
9939.26 765.254 251.67
9939.39 764.86 249.48
9939.52 764.646 247.37
9939.66 764.606 245.33
9939.81 764.735 243.36
9939.97 765.029 241.45
9940.15 765.482 239.59
9940.34 766.09 237.79
9940.53 766.848 236.04
9940.74 767.753 234.33
9940.96 768.798 232.66
9941.18 769.981 231.03
9941.42 771.295 229.44
9941.67 772.737 227.89
9941.92 774.301 226.37
9942.18 775.982 224.89
9942.44 777.776 223.43
9942.72 779.678 222.01
9942.99 781.681 220.61
9943.28 783.782 219.25
9943.56 785.974 217.91
9943.85 788.253 216.6
9944.14 790.613 215.32
9944.43 793.047 214.06
9944.73 795.552 212.83
9945.02 798.121 211.62
9945.31 800.748 210.44
9945.6 803.429 209.29
9945.88 806.156 208.15
9946.17 808.926 207.05
9946.44 811.731 205.96
9946.72 814.567 204.9
9946.98 817.427 203.86
9947.25 820.307 202.84
9947.5 823.2 201.85
9947.74 826.101 200.88
9947.98 829.005 199.93
9948.21 831.906 199.01
9948.42 834.798 198.1
9948.63 837.678 197.22
9948.82 840.539 196.36
9949 843.376 195.53
9949.17 846.185 194.71
9949.32 848.96 193.92
9949.46 851.698 193.14
9949.58 854.392 192.39
9949.69 857.039 191.66
9949.78 859.635 190.95
9949.85 862.174 190.26
9949.9 864.654 189.59
9949.93 867.07 188.95
9949.95 869.418 188.32
9949.93 871.696 187.71
9949.9 873.899 187.13
9949.84 876.024 186.56
9949.75 878.069 186.02
9949.64 880.03 185.5
9949.49 881.905 184.99
9949.31 883.692 184.51
9949.1 885.389 184.05
9948.85 886.992 183.6
9948.56 888.502 183.18
9948.23 889.915 182.78
9947.85 891.231 182.4
9947.42 892.447 182.05
9946.93 893.564 181.71
9946.38 894.58 181.4
9945.76 895.493 181.11
9945.06 896.303 180.85
9944.28 897.008 180.61
9943.39 897.607 180.4
9942.4 898.097 180.22
9941.27 898.477 180.06
9940 898.742 179.94
9938.56 898.888 179.86
9936.91 898.908 179.81
9935.03 898.793 179.81
9932.86 898.531 179.86
9930.33 898.102 179.97
9927.38 897.483 180.14
9923.88 896.637 180.39
9919.67 895.512 180.74
9914.54 894.03 181.2
9908.11 892.071 181.83
9899.82 889.437 182.67
9888.61 885.779 183.83
9872.3 880.377 185.52
9844.72 871.294 188.3
9731.52 836.952 198.78
