9958.97 955.128 300.17
9963.7 946.219 283.37
9965.21 941.031 276.42
9966.21 936.457 271.1
9966.95 932.214 266.61
9967.53 928.199 262.66
9968.01 924.365 259.09
9968.39 920.687 255.81
9968.72 917.151 252.75
9969 913.749 249.89
9969.24 910.48 247.17
9969.44 907.342 244.6
9969.62 904.337 242.13
9969.78 901.467 239.77
9969.92 898.734 237.5
9970.05 896.143 235.3
9970.16 893.696 233.18
9970.27 891.398 231.12
9970.37 889.252 229.12
9970.46 887.262 227.18
9970.54 885.432 225.29
9970.63 883.765 223.44
9970.71 882.264 221.63
9970.79 880.933 219.87
9970.87 879.774 218.14
9970.96 878.788 216.45
9971.04 877.98 214.79
9971.13 877.348 213.16
9971.22 876.896 211.56
9971.31 876.624 209.99
9971.41 876.533 208.44
9971.51 876.621 206.93
9971.61 876.89 205.43
9971.72 877.337 203.96
9971.83 877.962 202.52
9971.95 878.764 201.09
9972.07 879.739 199.69
9972.2 880.886 198.31
9972.32 882.201 196.95
9972.46 883.682 195.61
9972.59 885.324 194.29
9972.73 887.123 193
9972.87 889.075 191.72
9973.01 891.175 190.46
9973.16 893.419 189.22
9973.3 895.799 188
9973.45 898.312 186.8
9973.59 900.95 185.62
9973.74 903.707 184.46
9973.88 906.577 183.32
9974.02 909.553 182.19
9974.16 912.627 181.09
9974.3 915.793 180.01
9974.43 919.043 178.95
9974.55 922.37 177.91
9974.67 925.765 176.89
9974.79 929.221 175.89
9974.89 932.73 174.91
9974.99 936.284 173.95
9975.08 939.875 173.02
9975.16 943.494 172.1
9975.23 947.133 171.21
9975.29 950.784 170.34
9975.33 954.438 169.5
9975.36 958.087 168.67
9975.37 961.723 167.87
9975.37 965.337 167.09
9975.34 968.921 166.34
9975.3 972.467 165.61
9975.24 975.965 164.91
9975.15 979.408 164.23
9975.04 982.787 163.57
9974.9 986.094 162.94
9974.72 989.32 162.34
9974.52 992.456 161.77
9974.27 995.494 161.22
9973.99 998.425 160.7
9973.66 1001.24 160.21
9973.28 1003.93 159.75
9972.84 1006.48 159.32
9972.33 1008.89 158.92
9971.76 1011.14 158.55
9971.09 1013.22 158.22
9970.33 1015.12 157.93
9969.46 1016.82 157.67
9968.46 1018.31 157.46
9967.3 1019.57 157.29
9965.96 1020.57 157.16
9964.39 1021.28 157.09
9962.55 1021.68 157.07
9960.36 1021.71 157.11
9957.75 1021.33 157.22
9954.57 1020.44 157.42
9950.65 1018.96 157.7
9945.72 1016.73 158.09
9939.33 1013.53 158.62
9930.76 1009.01 159.33
9918.62 1002.55 160.27
9899.91 992.91 161.59
9865.75 976.754 163.61
9700.76 917.435 170.03
