8965.25 574.186 365
9195.85 589.343 354.93
9272.2 593.606 346.48
9324.07 596.113 340.09
9363.61 597.735 334.76
9395.49 598.815 330.1
9422.09 599.527 325.91
9444.78 599.977 322.08
9464.48 600.235 318.52
9481.8 600.35 315.2
9497.18 600.358 312.07
9510.96 600.289 309.09
9523.39 600.163 306.26
9534.68 599.999 303.55
9544.97 599.813 300.95
9554.4 599.617 298.44
9563.08 599.422 296.03
9571.11 599.238 293.69
9578.54 599.074 291.42
9585.46 598.937 289.22
9591.91 598.834 287.07
9597.94 598.771 284.99
9603.59 598.752 282.95
9608.91 598.784 280.97
9613.91 598.869 279.03
9618.63 599.013 277.13
9623.1 599.218 275.28
9627.32 599.488 273.46
9631.33 599.825 271.68
9635.14 600.231 269.93
9638.77 600.708 268.22
9642.22 601.258 266.54
9645.51 601.882 264.89
9648.64 602.581 263.26
9651.64 603.355 261.67
9654.5 604.205 260.1
9657.23 605.131 258.56
9659.85 606.131 257.05
9662.34 607.206 255.56
9664.72 608.354 254.09
9666.99 609.574 252.65
9669.16 610.865 251.23
9671.22 612.224 249.84
9673.17 613.65 248.46
9675.02 615.14 247.11
9676.77 616.692 245.79
9678.42 618.302 244.48
9679.96 619.968 243.19
9681.4 621.686 241.93
9682.73 623.453 240.69
9683.95 625.264 239.46
9685.06 627.116 238.26
9686.05 629.005 237.08
9686.92 630.926 235.92
9687.67 632.875 234.78
9688.29 634.848 233.67
9688.78 636.838 232.57
9689.13 638.842 231.49
9689.34 640.855 230.43
9689.39 642.87 229.4
9689.28 644.883 228.38
9688.99 646.889 227.39
9688.53 648.881 226.42
9687.88 650.855 225.46
9687.03 652.805 224.53
9685.96 654.724 223.62
9684.67 656.608 222.73
9683.13 658.45 221.87
9681.33 660.244 221.02
9679.24 661.984 220.2
9676.86 663.664 219.39
9674.15 665.278 218.61
9671.08 666.819 217.86
9667.63 668.28 217.12
9663.76 669.655 216.41
9659.43 670.936 215.72
9654.6 672.116 215.06
9649.21 673.187 214.42
9643.22 674.14 213.81
9636.54 674.966 213.22
9629.1 675.656 212.66
9620.82 676.197 212.13
9611.58 676.579 211.62
9601.25 676.785 211.15
9589.69 676.8 210.71
9576.7 676.605 210.31
9562.08 676.177 209.94
9545.54 675.489 209.61
9526.75 674.507 209.33
9505.28 673.188 209.1
9480.59 671.482 208.93
9451.96 669.318 208.83
9418.44 666.609 208.82
9378.73 663.23 208.91
9330.96 659.012 209.13
9272.35 653.703 209.55
9198.5 646.91 210.24
9101.74 637.962 211.38
8966.64 625.541 213.4
8752.32 606.214 217.72
8016.28 543.85 258.7
