9983.71 1044.81 278.54
9984.69 1030.08 262.26
9984.95 1022.26 255.53
9985.1 1015.59 250.37
9985.19 1009.53 246.02
9985.25 1003.91 242.2
9985.28 998.609 238.74
9985.29 993.592 235.56
9985.29 988.827 232.61
9985.29 984.294 229.83
9985.27 979.985 227.2
9985.25 975.895 224.71
9985.23 972.019 222.32
9985.2 968.359 220.03
9985.17 964.916 217.83
9985.15 961.69 215.7
9985.12 958.685 213.65
9985.1 955.902 211.65
9985.07 953.346 209.71
9985.06 951.018 207.83
9985.04 948.92 205.99
9985.03 947.056 204.19
9985.02 945.427 202.44
9985.02 944.035 200.73
9985.02 942.881 199.05
9985.03 941.966 197.4
9985.05 941.289 195.78
9985.07 940.852 194.2
9985.09 940.652 192.64
9985.13 940.69 191.11
9985.16 940.962 189.61
9985.21 941.468 188.13
9985.26 942.203 186.67
9985.32 943.165 185.24
9985.38 944.35 183.83
9985.45 945.754 182.44
9985.52 947.371 181.07
9985.6 949.197 179.73
9985.68 951.226 178.41
9985.77 953.452 177.1
9985.86 955.868 175.82
9985.95 958.467 174.56
9986.05 961.243 173.31
9986.15 964.187 172.09
9986.26 967.292 170.89
9986.36 970.549 169.7
9986.47 973.95 168.54
9986.58 977.486 167.4
9986.69 981.149 166.28
9986.79 984.928 165.18
9986.9 988.816 164.1
9987.01 992.802 163.04
9987.12 996.878 162
9987.22 1001.03 160.99
9987.32 1005.26 159.99
9987.42 1009.54 159.02
9987.52 1013.88 158.07
9987.61 1018.25 157.14
9987.7 1022.66 156.23
9987.78 1027.08 155.35
9987.86 1031.52 154.48
9987.94 1035.96 153.64
9988.01 1040.39 152.83
9988.07 1044.8 152.04
9988.12 1049.19 151.27
9988.17 1053.54 150.52
9988.21 1057.84 149.8
9988.24 1062.09 149.1
9988.26 1066.28 148.43
9988.27 1070.39 147.78
9988.28 1074.42 147.16
9988.27 1078.37 146.56
9988.24 1082.21 145.98
9988.21 1085.95 145.44
9988.16 1089.58 144.91
9988.1 1093.08 144.42
9988.01 1096.45 143.95
9987.91 1099.69 143.51
9987.79 1102.77 143.09
9987.65 1105.71 142.71
9987.48 1108.48 142.35
9987.28 1111.08 142.03
9987.05 1113.5 141.73
9986.78 1115.73 141.47
9986.47 1117.76 141.24
9986.11 1119.58 141.05
9985.69 1121.17 140.9
9985.2 1122.53 140.79
9984.63 1123.63 140.72
9983.96 1124.44 140.71
9983.15 1124.95 140.75
9982.19 1125.11 140.85
9981.02 1124.87 141.03
9979.58 1124.15 141.29
9977.76 1122.86 141.65
9975.4 1120.83 142.15
9972.23 1117.8 142.81
9967.72 1113.31 143.72
9960.73 1106.4 144.98
9947.81 1094.52 146.94
9882.38 1048.68 152.94
