9999.34 1294.78 227.65
9999.31 1264.08 212.57
9999.29 1249.83 206.35
9999.27 1238.53 201.59
9999.25 1228.9 197.59
9999.24 1220.45 194.07
9999.23 1212.91 190.9
9999.21 1206.15 187.99
9999.2 1200.07 185.29
9999.19 1194.6 182.76
9999.18 1189.68 180.37
9999.17 1185.29 178.11
9999.16 1181.4 175.94
9999.15 1177.98 173.88
9999.14 1175.02 171.89
9999.14 1172.5 169.97
9999.13 1170.39 168.13
9999.13 1168.7 166.34
9999.13 1167.41 164.61
9999.12 1166.5 162.93
9999.12 1165.97 161.3
9999.12 1165.8 159.71
9999.12 1165.99 158.17
9999.12 1166.52 156.66
9999.13 1167.38 155.19
9999.13 1168.57 153.76
9999.13 1170.07 152.36
9999.14 1171.88 150.99
9999.14 1173.98 149.65
9999.15 1176.35 148.34
9999.15 1179 147.06
9999.16 1181.91 145.81
9999.17 1185.07 144.59
9999.18 1188.47 143.39
9999.19 1192.09 142.22
9999.2 1195.93 141.07
9999.2 1199.98 139.95
9999.21 1204.21 138.85
9999.22 1208.63 137.78
9999.23 1213.22 136.73
9999.24 1217.97 135.7
9999.25 1222.87 134.69
9999.27 1227.91 133.71
9999.28 1233.07 132.75
9999.29 1238.34 131.81
9999.3 1243.72 130.89
9999.31 1249.2 130
9999.32 1254.75 129.13
9999.33 1260.37 128.27
9999.34 1266.06 127.44
9999.35 1271.79 126.63
9999.36 1277.57 125.84
9999.37 1283.37 125.07
9999.37 1289.2 124.32
9999.38 1295.03 123.59
9999.39 1300.86 122.88
9999.4 1306.68 122.19
9999.41 1312.48 121.52
9999.41 1318.25 120.86
9999.42 1323.99 120.23
9999.43 1329.68 119.62
9999.43 1335.31 119.02
9999.44 1340.88 118.45
9999.44 1346.37 117.89
9999.45 1351.79 117.35
9999.45 1357.12 116.83
9999.46 1362.35 116.33
9999.46 1367.48 115.84
9999.46 1372.5 115.38
9999.46 1377.39 114.93
9999.47 1382.17 114.49
9999.47 1386.81 114.08
9999.47 1391.32 113.68
9999.47 1395.68 113.3
9999.47 1399.89 112.94
9999.47 1403.95 112.59
9999.46 1407.84 112.26
9999.46 1411.57 111.95
9999.46 1415.12 111.65
9999.45 1418.49 111.38
9999.45 1421.68 111.12
9999.44 1424.68 110.87
9999.43 1427.49 110.64
9999.42 1430.09 110.44
9999.41 1432.49 110.25
9999.4 1434.68 110.07
9999.39 1436.64 109.92
9999.37 1438.37 109.79
9999.35 1439.87 109.68
9999.32 1441.11 109.59
9999.29 1442.08 109.53
9999.26 1442.76 109.5
9999.22 1443.11 109.51
9999.16 1443.1 109.55
9999.1 1442.66 109.65
9999.01 1441.68 109.81
9998.89 1440 110.06
9998.71 1437.3 110.45
9998.44 1432.96 111.07
9997.9 1425.19 112.2
9994.83 1393.56 117
