9920.21 907.542 311.64
9931.56 901.894 294.67
9935.24 898.063 287.62
9937.72 894.523 282.21
9939.57 891.14 277.64
9941.05 887.871 273.61
9942.27 884.697 269.97
9943.29 881.61 266.62
9944.16 878.608 263.5
9944.91 875.693 260.57
9945.57 872.868 257.81
9946.15 870.135 255.17
9946.66 867.501 252.66
9947.12 864.968 250.25
9947.53 862.544 247.93
9947.91 860.233 245.7
9948.25 858.039 243.53
9948.56 855.969 241.44
9948.85 854.026 239.41
9949.11 852.216 237.43
9949.36 850.543 235.51
9949.6 849.011 233.63
9949.83 847.623 231.8
9950.04 846.383 230.01
9950.25 845.294 228.26
9950.45 844.359 226.55
9950.65 843.58 224.87
9950.85 842.958 223.22
9951.04 842.496 221.61
9951.23 842.193 220.03
9951.42 842.051 218.47
9951.61 842.07 216.95
9951.81 842.249 215.44
9952 842.588 213.97
9952.19 843.085 212.52
9952.39 843.739 211.09
9952.59 844.547 209.69
9952.78 845.508 208.31
9952.98 846.619 206.95
9953.18 847.876 205.61
9953.39 849.276 204.3
9953.59 850.815 203
9953.79 852.489 201.73
9953.99 854.292 200.47
9954.19 856.221 199.24
9954.38 858.27 198.03
9954.58 860.433 196.84
9954.77 862.705 195.67
9954.95 865.08 194.51
9955.13 867.552 193.38
9955.3 870.114 192.27
9955.47 872.76 191.18
9955.63 875.482 190.11
9955.77 878.274 189.06
9955.91 881.13 188.03
9956.04 884.041 187.02
9956.15 887.001 186.03
9956.24 890.002 185.06
9956.33 893.036 184.11
9956.39 896.097 183.18
9956.43 899.177 182.27
9956.46 902.267 181.39
9956.46 905.362 180.53
9956.44 908.452 179.68
9956.39 911.531 178.86
9956.31 914.59 178.06
9956.2 917.623 177.29
9956.06 920.621 176.53
9955.88 923.577 175.8
9955.67 926.483 175.09
9955.4 929.332 174.4
9955.1 932.117 173.74
9954.74 934.828 173.1
9954.33 937.46 172.48
9953.85 940.004 171.89
9953.31 942.452 171.32
9952.69 944.796 170.77
9951.98 947.027 170.25
9951.19 949.138 169.75
9950.29 951.118 169.28
9949.27 952.959 168.84
9948.11 954.65 168.42
9946.81 956.179 168.03
9945.33 957.533 167.67
9943.64 958.7 167.34
9941.72 959.661 167.03
9939.51 960.398 166.76
9936.98 960.887 166.52
9934.04 961.101 166.31
9930.61 961.005 166.14
9926.58 960.553 166
9921.78 959.689 165.9
9916.01 958.336 165.85
9908.95 956.387 165.84
9900.14 953.693 165.87
9888.85 950.028 165.96
9873.89 945.033 166.11
9853.01 938.086 166.32
9821.41 927.926 166.59
9765.25 911.198 166.93
9511.38 851.097 167.12
