9807.65 774.647 335.96
9839.94 774.172 318.11
9850.51 772.595 310.74
9857.66 770.855 305.09
9863.09 769.051 300.34
9867.46 767.222 296.16
9871.09 765.394 292.39
9874.18 763.581 288.92
9876.86 761.798 285.7
9879.2 760.053 282.68
9881.29 758.356 279.82
9883.15 756.714 277.1
9884.83 755.134 274.51
9886.36 753.622 272.03
9887.75 752.185 269.64
9889.03 750.827 267.33
9890.21 749.554 265.11
9891.3 748.371 262.95
9892.32 747.281 260.86
9893.27 746.288 258.83
9894.17 745.397 256.85
9895.02 744.611 254.92
9895.82 743.932 253.03
9896.58 743.363 251.2
9897.31 742.907 249.4
9898.01 742.566 247.64
9898.68 742.341 245.91
9899.32 742.234 244.23
9899.95 742.246 242.57
9900.55 742.378 240.94
9901.14 742.629 239.35
9901.71 743.001 237.78
9902.26 743.492 236.24
9902.81 744.103 234.73
9903.34 744.832 233.25
9903.86 745.678 231.79
9904.36 746.639 230.35
9904.86 747.714 228.94
9905.34 748.9 227.55
9905.81 750.196 226.18
9906.27 751.597 224.83
9906.72 753.101 223.51
9907.15 754.705 222.21
9907.57 756.406 220.93
9907.98 758.198 219.67
9908.37 760.079 218.43
9908.75 762.044 217.22
9909.1 764.088 216.02
9909.44 766.206 214.85
9909.76 768.395 213.69
9910.06 770.648 212.56
9910.34 772.96 211.45
9910.59 775.326 210.35
9910.81 777.74 209.28
9911 780.197 208.23
9911.17 782.691 207.2
9911.3 785.215 206.19
9911.4 787.764 205.2
9911.46 790.332 204.24
9911.48 792.912 203.29
9911.45 795.498 202.37
9911.38 798.084 201.46
9911.27 800.663 200.58
9911.09 803.23 199.72
9910.86 805.776 198.88
9910.57 808.297 198.07
9910.21 810.786 197.28
9909.78 813.235 196.51
9909.27 815.639 195.76
9908.68 817.99 195.04
9908 820.282 194.33
9907.22 822.508 193.66
9906.33 824.662 193.01
9905.32 826.735 192.38
9904.19 828.721 191.78
9902.91 830.612 191.2
9901.47 832.401 190.65
9899.86 834.08 190.12
9898.05 835.639 189.63
9896.03 837.07 189.16
9893.76 838.363 188.72
9891.21 839.507 188.31
9888.34 840.49 187.93
9885.12 841.298 187.59
9881.47 841.916 187.28
9877.34 842.326 187.01
9872.65 842.507 186.78
9867.28 842.432 186.59
9861.1 842.07 186.45
9853.96 841.383 186.35
9845.62 840.321 186.32
9835.8 838.821 186.35
9824.08 836.796 186.45
9809.91 834.133 186.65
9792.45 830.665 186.95
9770.41 826.149 187.4
9741.7 820.202 188.04
9702.51 812.157 188.96
9644.84 800.689 190.36
9546.41 782.293 192.84
9144.71 719.157 205.43
