9989.95 1087.11 273.13
9990.68 1071.76 256.98
9990.89 1063.78 250.3
9991.01 1057.04 245.19
9991.1 1050.97 240.88
9991.16 1045.37 237.1
9991.21 1040.14 233.68
9991.24 1035.21 230.54
9991.26 1030.55 227.62
9991.27 1026.14 224.88
9991.28 1021.97 222.29
9991.28 1018.02 219.83
9991.28 1014.3 217.48
9991.28 1010.8 215.23
9991.28 1007.52 213.07
9991.27 1004.46 210.98
9991.27 1001.62 208.96
9991.26 998.998 207.01
9991.26 996.596 205.11
9991.26 994.416 203.26
9991.26 992.459 201.47
9991.26 990.725 199.71
9991.26 989.215 198
9991.26 987.93 196.33
9991.27 986.869 194.7
9991.28 986.033 193.1
9991.29 985.42 191.53
9991.3 985.03 189.99
9991.32 984.861 188.48
9991.34 984.912 187
9991.36 985.181 185.54
9991.39 985.664 184.12
9991.41 986.359 182.71
9991.44 987.262 181.33
9991.48 988.371 179.97
9991.51 989.68 178.64
9991.55 991.185 177.32
9991.59 992.881 176.03
9991.63 994.764 174.76
9991.67 996.827 173.51
9991.72 999.064 172.28
9991.77 1001.47 171.07
9991.82 1004.04 169.88
9991.86 1006.76 168.71
9991.91 1009.63 167.57
9991.97 1012.65 166.44
9992.02 1015.79 165.33
9992.07 1019.07 164.24
9992.12 1022.46 163.17
9992.17 1025.96 162.12
9992.22 1029.56 161.09
9992.27 1033.26 160.08
9992.32 1037.05 159.09
9992.36 1040.91 158.12
9992.41 1044.84 157.18
9992.45 1048.83 156.25
9992.49 1052.88 155.34
9992.53 1056.97 154.46
9992.57 1061.09 153.59
9992.6 1065.24 152.75
9992.63 1069.41 151.93
9992.65 1073.58 151.13
9992.67 1077.76 150.35
9992.69 1081.93 149.6
9992.7 1086.08 148.86
9992.7 1090.21 148.15
9992.7 1094.31 147.47
9992.7 1098.36 146.8
9992.68 1102.37 146.16
9992.66 1106.31 145.54
9992.63 1110.19 144.95
9992.6 1114 144.38
9992.55 1117.72 143.84
9992.49 1121.35 143.32
9992.43 1124.89 142.83
9992.35 1128.31 142.37
9992.25 1131.62 141.93
9992.15 1134.8 141.52
9992.02 1137.85 141.14
9991.88 1140.76 140.79
9991.71 1143.51 140.47
9991.52 1146.1 140.18
9991.3 1148.51 139.93
9991.05 1150.74 139.71
9990.77 1152.76 139.53
9990.44 1154.57 139.4
9990.06 1156.14 139.3
9989.61 1157.45 139.26
9989.1 1158.48 139.27
9988.49 1159.19 139.33
9987.76 1159.55 139.47
9986.89 1159.5 139.68
9985.83 1158.98 139.98
9984.51 1157.88 140.38
9982.84 1156.08 140.91
9980.67 1153.37 141.6
9977.71 1149.42 142.51
9973.47 1143.69 143.71
9966.8 1135.02 145.36
9954.28 1120.36 147.88
9888.54 1065.74 155.6
