9956.82 940.679 301.97
9961.57 932.194 285.17
9963.1 927.203 278.21
9964.11 922.794 272.88
9964.86 918.702 268.39
9965.45 914.831 264.43
9965.93 911.138 260.85
9966.33 907.599 257.56
9966.67 904.202 254.5
9966.95 900.94 251.63
9967.2 897.812 248.91
9967.42 894.816 246.32
9967.61 891.954 243.85
9967.78 889.229 241.48
9967.93 886.642 239.2
9968.07 884.198 236.99
9968.2 881.9 234.86
9968.32 879.75 232.8
9968.43 877.754 230.79
9968.54 875.914 228.84
9968.64 874.234 226.93
9968.74 872.716 225.07
9968.84 871.364 223.26
9968.93 870.181 221.48
9969.03 869.168 219.75
9969.13 868.328 218.04
9969.23 867.662 216.38
9969.34 867.173 214.74
9969.45 866.86 213.13
9969.56 866.724 211.55
9969.67 866.765 210
9969.79 866.984 208.47
9969.91 867.379 206.97
9970.04 867.95 205.49
9970.17 868.695 204.04
9970.3 869.612 202.6
9970.44 870.699 201.2
9970.58 871.954 199.81
9970.73 873.372 198.44
9970.88 874.952 197.1
9971.03 876.688 195.77
9971.18 878.577 194.47
9971.34 880.615 193.18
9971.5 882.795 191.92
9971.65 885.115 190.68
9971.81 887.567 189.45
9971.97 890.146 188.25
9972.13 892.846 187.07
9972.29 895.66 185.91
9972.44 898.583 184.76
9972.59 901.607 183.64
9972.74 904.725 182.54
9972.89 907.93 181.46
9973.03 911.215 180.4
9973.16 914.572 179.36
9973.29 917.993 178.34
9973.41 921.471 177.34
9973.52 924.997 176.37
9973.63 928.564 175.41
9973.72 932.164 174.48
9973.8 935.787 173.57
9973.87 939.427 172.69
9973.93 943.074 171.82
9973.98 946.72 170.98
9974.01 950.356 170.17
9974.02 953.975 169.37
9974.02 957.568 168.6
9973.99 961.126 167.86
9973.95 964.641 167.14
9973.88 968.104 166.44
9973.79 971.506 165.77
9973.68 974.84 165.13
9973.53 978.095 164.51
9973.35 981.265 163.92
9973.14 984.338 163.36
9972.89 987.308 162.82
9972.6 990.164 162.32
9972.26 992.897 161.84
9971.86 995.497 161.39
9971.41 997.954 160.97
9970.9 1000.26 160.59
9970.31 1002.4 160.24
9969.63 1004.36 159.92
9968.86 1006.13 159.65
9967.97 1007.69 159.4
9966.95 1009.04 159.21
9965.78 1010.13 159.05
9964.42 1010.97 158.94
9962.83 1011.51 158.88
9960.97 1011.72 158.88
9958.76 1011.56 158.95
9956.13 1010.97 159.08
9952.93 1009.87 159.29
9948.99 1008.18 159.6
9944.04 1005.73 160.02
9937.65 1002.31 160.58
9929.08 997.584 161.32
9916.98 990.933 162.32
9898.36 981.138 163.7
9864.49 964.926 165.84
9701.81 906.228 172.81
