9966.07 1038.64 297.16
9972.58 1033.77 279.4
9974.63 1029.84 272.05
9975.98 1026.01 266.41
9976.99 1022.23 261.66
9977.78 1018.46 257.49
9978.43 1014.72 253.71
9978.97 1011 250.24
9979.43 1007.3 247.02
9979.82 1003.64 243.99
9980.16 1000.02 241.13
9980.45 996.441 238.41
9980.71 992.919 235.82
9980.94 989.46 233.33
9981.14 986.072 230.94
9981.32 982.764 228.64
9981.48 979.545 226.41
9981.62 976.422 224.26
9981.75 973.405 222.16
9981.87 970.502 220.13
9981.97 967.72 218.15
9982.07 965.068 216.22
9982.16 962.553 214.34
9982.24 960.182 212.5
9982.32 957.964 210.7
9982.4 955.904 208.93
9982.47 954.008 207.21
9982.54 952.283 205.52
9982.6 950.735 203.85
9982.67 949.367 202.22
9982.73 948.185 200.62
9982.8 947.192 199.05
9982.86 946.393 197.5
9982.93 945.79 195.97
9983 945.384 194.47
9983.06 945.179 192.99
9983.14 945.176 191.54
9983.21 945.374 190.1
9983.28 945.775 188.69
9983.36 946.377 187.3
9983.44 947.179 185.93
9983.51 948.18 184.58
9983.6 949.378 183.24
9983.68 950.769 181.93
9983.76 952.351 180.64
9983.85 954.118 179.36
9983.94 956.068 178.11
9984.02 958.195 176.87
9984.11 960.494 175.65
9984.2 962.958 174.45
9984.29 965.582 173.28
9984.37 968.358 172.12
9984.46 971.279 170.97
9984.54 974.339 169.85
9984.62 977.529 168.75
9984.7 980.84 167.67
9984.78 984.264 166.61
9984.85 987.793 165.57
9984.91 991.417 164.56
9984.97 995.127 163.56
9985.03 998.914 162.58
9985.07 1002.77 161.63
9985.11 1006.68 160.7
9985.14 1010.63 159.79
9985.16 1014.62 158.91
9985.18 1018.64 158.05
9985.18 1022.67 157.21
9985.16 1026.71 156.4
9985.14 1030.74 155.62
9985.1 1034.76 154.86
9985.04 1038.74 154.12
9984.97 1042.69 153.41
9984.87 1046.59 152.73
9984.76 1050.42 152.08
9984.62 1054.18 151.46
9984.45 1057.86 150.87
9984.25 1061.44 150.3
9984.02 1064.9 149.77
9983.76 1068.25 149.27
9983.45 1071.46 148.8
9983.09 1074.52 148.37
9982.68 1077.41 147.98
9982.21 1080.12 147.62
9981.66 1082.63 147.3
9981.03 1084.93 147.02
9980.29 1086.98 146.79
9979.44 1088.76 146.6
9978.44 1090.25 146.47
9977.27 1091.41 146.38
9975.88 1092.19 146.36
9974.21 1092.54 146.4
9972.19 1092.4 146.52
9969.71 1091.67 146.71
9966.61 1090.23 147
9962.63 1087.9 147.39
9957.39 1084.42 147.91
9950.2 1079.39 148.59
9939.75 1072.07 149.47
9923.1 1061.02 150.63
9891.35 1042.35 152.27
9722.21 973.149 156.15
