9983.59 947.531 274.67
9983.63 933.066 259.63
9983.59 926.097 253.4
9983.53 920.51 248.6
9983.47 915.72 244.56
9983.41 911.503 241
9983.36 907.747 237.77
9983.31 904.384 234.8
9983.26 901.373 232.03
9983.22 898.684 229.43
9983.18 896.298 226.96
9983.15 894.198 224.62
9983.13 892.373 222.37
9983.11 890.813 220.21
9983.1 889.51 218.13
9983.1 888.458 216.12
9983.1 887.65 214.18
9983.12 887.081 212.29
9983.14 886.746 210.45
9983.16 886.639 208.66
9983.2 886.756 206.92
9983.24 887.092 205.22
9983.29 887.641 203.56
9983.34 888.399 201.93
9983.4 889.36 200.34
9983.47 890.52 198.78
9983.54 891.871 197.26
9983.62 893.41 195.76
9983.71 895.13 194.29
9983.8 897.025 192.85
9983.89 899.088 191.44
9983.99 901.314 190.06
9984.09 903.696 188.7
9984.2 906.228 187.36
9984.31 908.901 186.05
9984.42 911.71 184.77
9984.54 914.647 183.5
9984.65 917.705 182.26
9984.77 920.877 181.05
9984.89 924.155 179.86
9985.01 927.532 178.69
9985.13 931 177.54
9985.26 934.552 176.42
9985.38 938.179 175.32
9985.5 941.875 174.24
9985.61 945.631 173.18
9985.73 949.44 172.15
9985.85 953.294 171.14
9985.96 957.185 170.15
9986.07 961.105 169.19
9986.18 965.048 168.24
9986.28 969.005 167.32
9986.38 972.969 166.43
9986.48 976.933 165.55
9986.57 980.889 164.7
9986.66 984.829 163.87
9986.75 988.748 163.06
9986.82 992.637 162.27
9986.9 996.49 161.51
9986.97 1000.3 160.77
9987.03 1004.06 160.05
9987.08 1007.77 159.36
9987.13 1011.41 158.69
9987.18 1014.98 158.04
9987.21 1018.48 157.41
9987.24 1021.9 156.8
9987.26 1025.23 156.22
9987.28 1028.48 155.66
9987.28 1031.62 155.12
9987.27 1034.67 154.61
9987.26 1037.6 154.11
9987.23 1040.43 153.64
9987.2 1043.14 153.2
9987.15 1045.74 152.77
9987.09 1048.21 152.37
9987.02 1050.55 151.99
9986.93 1052.76 151.63
9986.82 1054.84 151.3
9986.7 1056.78 150.99
9986.56 1058.59 150.71
9986.39 1060.25 150.45
9986.2 1061.76 150.22
9985.99 1063.13 150.01
9985.74 1064.34 149.83
9985.45 1065.4 149.69
9985.13 1066.3 149.57
9984.75 1067.04 149.49
9984.32 1067.61 149.45
9983.82 1067.99 149.44
9983.24 1068.19 149.49
9982.55 1068.17 149.58
9981.73 1067.93 149.74
9980.75 1067.43 149.96
9979.55 1066.62 150.28
9978.06 1065.43 150.7
9976.15 1063.75 151.26
9973.63 1061.39 152.01
9970.12 1058.03 153.03
9964.81 1052.95 154.48
9955.34 1044.26 156.83
9910.99 1010.29 164.99
