9991.36 1060.49 273.61
9991.91 1047.73 257.89
9992.09 1040.96 251.33
9992.2 1035.21 246.29
9992.28 1030.09 242.03
9992.34 1025.39 238.29
9992.39 1021.03 234.9
9992.43 1016.94 231.79
9992.46 1013.11 228.89
9992.49 1009.51 226.17
9992.51 1006.13 223.6
9992.52 1002.95 221.16
9992.54 999.976 218.83
9992.55 997.202 216.59
9992.56 994.625 214.44
9992.57 992.244 212.37
9992.58 990.057 210.37
9992.59 988.065 208.43
9992.6 986.266 206.55
9992.61 984.66 204.72
9992.62 983.248 202.94
9992.63 982.029 201.21
9992.65 981.001 199.52
9992.66 980.166 197.87
9992.67 979.52 196.26
9992.69 979.064 194.69
9992.71 978.795 193.15
9992.72 978.712 191.64
9992.74 978.812 190.16
9992.76 979.094 188.72
9992.78 979.554 187.3
9992.81 980.189 185.91
9992.83 980.997 184.54
9992.85 981.974 183.21
9992.88 983.114 181.89
9992.91 984.416 180.6
9992.93 985.873 179.34
9992.96 987.482 178.1
9992.99 989.237 176.88
9993.02 991.133 175.68
9993.05 993.164 174.51
9993.08 995.326 173.36
9993.11 997.612 172.23
9993.14 1000.02 171.12
9993.17 1002.53 170.03
9993.2 1005.15 168.97
9993.23 1007.87 167.93
9993.25 1010.69 166.91
9993.28 1013.59 165.9
9993.31 1016.56 164.92
9993.33 1019.61 163.97
9993.35 1022.73 163.03
9993.37 1025.9 162.11
9993.39 1029.12 161.22
9993.41 1032.39 160.35
9993.43 1035.69 159.49
9993.44 1039.02 158.66
9993.45 1042.38 157.85
9993.45 1045.75 157.07
9993.46 1049.12 156.3
9993.46 1052.5 155.55
9993.45 1055.86 154.83
9993.44 1059.22 154.13
9993.43 1062.55 153.45
9993.41 1065.85 152.8
9993.39 1069.12 152.16
9993.36 1072.34 151.55
9993.33 1075.51 150.96
9993.29 1078.63 150.4
9993.24 1081.68 149.85
9993.18 1084.67 149.33
9993.12 1087.57 148.84
9993.05 1090.39 148.37
9992.96 1093.12 147.92
9992.87 1095.76 147.5
9992.76 1098.28 147.1
9992.64 1100.7 146.73
9992.5 1102.99 146.39
9992.35 1105.16 146.08
9992.17 1107.19 145.79
9991.98 1109.08 145.53
9991.76 1110.82 145.31
9991.51 1112.4 145.12
9991.22 1113.8 144.96
9990.9 1115.03 144.84
9990.52 1116.05 144.76
9990.1 1116.86 144.72
9989.6 1117.43 144.72
9989.03 1117.75 144.78
9988.35 1117.79 144.89
9987.54 1117.5 145.07
9986.57 1116.83 145.31
9985.38 1115.73 145.64
9983.91 1114.11 146.05
9982.03 1111.82 146.58
9979.57 1108.68 147.24
9976.21 1104.38 148.07
9971.35 1098.36 149.11
9963.65 1089.5 150.45
9949.04 1074.82 152.27
9871 1020.96 156.06
