9972.84 994.858 292.58
9975.65 983.471 275.85
9976.52 977.167 268.94
9977.09 971.721 263.66
9977.51 966.744 259.22
9977.82 962.093 255.31
9978.08 957.7 251.78
9978.28 953.526 248.55
9978.45 949.55 245.54
9978.59 945.76 242.71
9978.7 942.149 240.04
9978.8 938.712 237.51
9978.89 935.448 235.09
9978.96 932.357 232.77
9979.02 929.44 230.54
9979.08 926.699 228.39
9979.13 924.135 226.31
9979.17 921.751 224.29
9979.21 919.549 222.33
9979.26 917.531 220.43
9979.3 915.7 218.57
9979.34 914.057 216.77
9979.38 912.604 215
9979.42 911.343 213.27
9979.46 910.276 211.59
9979.51 909.402 209.93
9979.56 908.724 208.31
9979.61 908.24 206.72
9979.67 907.951 205.16
9979.73 907.857 203.62
9979.79 907.956 202.11
9979.86 908.247 200.63
9979.93 908.729 199.18
9980 909.4 197.74
9980.08 910.256 196.33
9980.16 911.296 194.94
9980.25 912.516 193.58
9980.34 913.912 192.23
9980.43 915.48 190.91
9980.53 917.217 189.6
9980.62 919.117 188.32
9980.72 921.176 187.05
9980.83 923.388 185.81
9980.93 925.747 184.59
9981.04 928.248 183.38
9981.14 930.885 182.19
9981.25 933.651 181.03
9981.36 936.54 179.88
9981.46 939.544 178.76
9981.57 942.657 177.65
9981.67 945.872 176.56
9981.77 949.181 175.49
9981.87 952.576 174.45
9981.96 956.051 173.42
9982.05 959.596 172.41
9982.14 963.205 171.42
9982.22 966.87 170.46
9982.3 970.581 169.52
9982.37 974.333 168.59
9982.43 978.115 167.69
9982.48 981.92 166.81
9982.53 985.74 165.95
9982.57 989.567 165.12
9982.59 993.392 164.3
9982.61 997.208 163.51
9982.61 1001.01 162.75
9982.61 1004.78 162.01
9982.58 1008.51 161.29
9982.55 1012.21 160.59
9982.49 1015.85 159.92
9982.42 1019.44 159.28
9982.33 1022.96 158.66
9982.22 1026.4 158.07
9982.08 1029.76 157.5
9981.92 1033.02 156.96
9981.73 1036.19 156.45
9981.51 1039.24 155.97
9981.26 1042.18 155.52
9980.96 1044.99 155.1
9980.63 1047.66 154.71
9980.24 1050.19 154.35
9979.8 1052.55 154.03
9979.3 1054.74 153.75
9978.73 1056.75 153.5
9978.07 1058.55 153.29
9977.31 1060.14 153.13
9976.44 1061.49 153.01
9975.42 1062.57 152.95
9974.24 1063.37 152.94
9972.86 1063.84 152.99
9971.21 1063.94 153.11
9969.25 1063.6 153.3
9966.86 1062.77 153.59
9963.91 1061.32 153.98
9960.2 1059.11 154.49
9955.4 1055.91 155.17
9948.94 1051.38 156.05
9939.79 1044.89 157.22
9925.62 1035.19 158.84
9899.63 1018.97 161.32
9771.8 959.579 169.32
