9927.98 934.228 312.92
9941.6 931.278 294.77
9945.81 928.243 287.29
9948.58 925.185 281.57
9950.63 922.121 276.76
9952.23 919.066 272.53
9953.54 916.031 268.72
9954.63 913.025 265.23
9955.55 910.059 261.98
9956.34 907.14 258.94
9957.02 904.277 256.07
9957.62 901.48 253.35
9958.15 898.755 250.75
9958.61 896.11 248.26
9959.03 893.553 245.88
9959.41 891.092 243.57
9959.74 888.732 241.35
9960.05 886.482 239.2
9960.33 884.346 237.12
9960.59 882.332 235.09
9960.83 880.444 233.12
9961.05 878.689 231.21
9961.26 877.071 229.34
9961.45 875.595 227.51
9961.64 874.265 225.72
9961.82 873.084 223.98
9961.99 872.057 222.27
9962.16 871.186 220.59
9962.32 870.474 218.95
9962.48 869.922 217.34
9962.64 869.532 215.76
9962.79 869.306 214.21
9962.95 869.244 212.68
9963.1 869.345 211.18
9963.26 869.611 209.71
9963.41 870.04 208.26
9963.57 870.631 206.83
9963.73 871.381 205.43
9963.88 872.291 204.05
9964.04 873.355 202.69
9964.2 874.573 201.35
9964.36 875.94 200.04
9964.51 877.452 198.74
9964.67 879.106 197.47
9964.83 880.897 196.22
9964.98 882.82 194.99
9965.13 884.87 193.77
9965.28 887.042 192.58
9965.43 889.329 191.41
9965.57 891.725 190.26
9965.71 894.225 189.13
9965.84 896.821 188.02
9965.97 899.507 186.93
9966.08 902.275 185.86
9966.2 905.119 184.82
9966.3 908.031 183.79
9966.39 911.003 182.78
9966.47 914.028 181.8
9966.53 917.098 180.83
9966.59 920.205 179.89
9966.63 923.341 178.97
9966.65 926.498 178.07
9966.66 929.668 177.19
9966.64 932.843 176.34
9966.61 936.014 175.51
9966.55 939.173 174.7
9966.47 942.313 173.91
9966.36 945.424 173.15
9966.22 948.498 172.41
9966.05 951.528 171.7
9965.85 954.505 171.01
9965.6 957.42 170.34
9965.32 960.266 169.7
9964.99 963.033 169.08
9964.61 965.714 168.49
9964.17 968.298 167.93
9963.68 970.779 167.39
9963.11 973.146 166.88
9962.47 975.39 166.4
9961.74 977.501 165.95
9960.91 979.469 165.53
9959.97 981.282 165.14
9958.9 982.928 164.78
9957.68 984.393 164.45
9956.3 985.663 164.16
9954.71 986.718 163.91
9952.88 987.539 163.69
9950.77 988.102 163.52
9948.31 988.375 163.39
9945.43 988.322 163.3
9942.03 987.895 163.27
9937.96 987.034 163.3
9933.02 985.655 163.39
9926.95 983.646 163.55
9919.32 980.847 163.8
9909.47 977.015 164.16
9896.27 971.768 164.64
9877.65 964.435 165.29
9849.09 953.667 166.2
9797.39 935.86 167.58
9554.45 871.445 171.73
