9995.86 1121.54 258.85
9995.89 1101.11 243.61
9995.87 1091 237.3
9995.84 1082.68 232.45
9995.82 1075.34 228.37
9995.78 1068.69 224.77
9995.75 1062.56 221.52
9995.72 1056.88 218.53
9995.69 1051.59 215.74
9995.66 1046.65 213.12
9995.63 1042.05 210.64
9995.6 1037.76 208.28
9995.57 1033.78 206.03
9995.54 1030.1 203.86
9995.52 1026.71 201.77
9995.49 1023.61 199.76
9995.47 1020.79 197.81
9995.45 1018.26 195.92
9995.43 1016.01 194.08
9995.42 1014.03 192.29
9995.41 1012.34 190.54
9995.39 1010.92 188.83
9995.39 1009.77 187.17
9995.38 1008.9 185.54
9995.38 1008.3 183.94
9995.38 1007.97 182.37
9995.39 1007.91 180.84
9995.39 1008.11 179.33
9995.4 1008.57 177.85
9995.41 1009.28 176.39
9995.43 1010.25 174.96
9995.44 1011.47 173.56
9995.46 1012.92 172.18
9995.49 1014.62 170.82
9995.51 1016.55 169.48
9995.54 1018.7 168.16
9995.57 1021.07 166.87
9995.6 1023.66 165.6
9995.63 1026.45 164.34
9995.66 1029.43 163.11
9995.7 1032.61 161.9
9995.74 1035.97 160.71
9995.78 1039.51 159.53
9995.82 1043.21 158.38
9995.86 1047.07 157.25
9995.9 1051.07 156.14
9995.94 1055.22 155.05
9995.98 1059.49 153.98
9996.02 1063.89 152.93
9996.07 1068.39 151.9
9996.11 1073 150.89
9996.15 1077.7 149.9
9996.19 1082.48 148.93
9996.23 1087.33 147.98
9996.27 1092.25 147.05
9996.31 1097.22 146.14
9996.35 1102.23 145.26
9996.39 1107.28 144.4
9996.42 1112.35 143.55
9996.46 1117.43 142.73
9996.49 1122.52 141.93
9996.52 1127.61 141.15
9996.55 1132.68 140.4
9996.57 1137.73 139.66
9996.6 1142.74 138.95
9996.62 1147.71 138.26
9996.64 1152.63 137.59
9996.66 1157.5 136.94
9996.68 1162.29 136.32
9996.69 1167.01 135.72
9996.7 1171.64 135.14
9996.7 1176.18 134.58
9996.71 1180.62 134.05
9996.7 1184.95 133.54
9996.7 1189.16 133.06
9996.69 1193.24 132.6
9996.67 1197.19 132.16
9996.66 1201 131.75
9996.63 1204.65 131.37
9996.6 1208.15 131.01
9996.56 1211.48 130.68
9996.51 1214.63 130.37
9996.46 1217.6 130.1
9996.39 1220.37 129.86
9996.31 1222.93 129.65
9996.22 1225.27 129.47
9996.11 1227.38 129.33
9995.98 1229.24 129.24
9995.83 1230.82 129.19
9995.65 1232.11 129.19
9995.43 1233.07 129.25
9995.16 1233.67 129.37
9994.84 1233.83 129.58
9994.43 1233.5 129.89
9993.91 1232.55 130.33
9993.23 1230.82 130.92
9992.3 1228.04 131.74
9990.95 1223.73 132.89
9988.8 1216.91 134.58
9984.69 1204.92 137.36
9961.71 1158.02 147.1
