9937.55 988.444 307.38
9949.84 986.314 289.55
9953.73 983.541 282.16
9956.31 980.618 276.49
9958.24 977.607 271.71
9959.77 974.539 267.5
9961.02 971.434 263.7
9962.08 968.306 260.2
9962.97 965.17 256.95
9963.75 962.038 253.9
9964.42 958.919 251.02
9965.01 955.825 248.28
9965.54 952.765 245.66
9966 949.749 243.15
9966.42 946.786 240.74
9966.79 943.886 238.42
9967.12 941.057 236.17
9967.43 938.309 233.99
9967.7 935.649 231.88
9967.95 933.086 229.83
9968.18 930.628 227.83
9968.4 928.284 225.89
9968.59 926.059 223.99
9968.77 923.962 222.13
9968.95 921.999 220.32
9969.11 920.177 218.54
9969.26 918.502 216.81
9969.41 916.979 215.1
9969.55 915.614 213.43
9969.68 914.412 211.79
9969.81 913.376 210.17
9969.94 912.511 208.59
9970.07 911.82 207.03
9970.2 911.306 205.5
9970.32 910.971 203.99
9970.45 910.816 202.51
9970.57 910.844 201.04
9970.7 911.054 199.61
9970.83 911.447 198.19
9970.95 912.022 196.79
9971.08 912.779 195.42
9971.21 913.715 194.06
9971.34 914.83 192.73
9971.47 916.119 191.41
9971.6 917.581 190.12
9971.74 919.211 188.84
9971.87 921.005 187.59
9972 922.959 186.35
9972.13 925.069 185.13
9972.25 927.327 183.93
9972.38 929.729 182.75
9972.5 932.268 181.59
9972.62 934.938 180.46
9972.73 937.731 179.34
9972.84 940.64 178.24
9972.95 943.658 177.16
9973.04 946.776 176.1
9973.13 949.986 175.06
9973.21 953.28 174.04
9973.28 956.649 173.04
9973.34 960.084 172.07
9973.39 963.576 171.11
9973.43 967.116 170.18
9973.45 970.693 169.28
9973.45 974.298 168.39
9973.44 977.923 167.53
9973.4 981.555 166.69
9973.35 985.187 165.87
9973.27 988.806 165.08
9973.17 992.404 164.32
9973.04 995.97 163.58
9972.88 999.492 162.86
9972.69 1002.96 162.17
9972.46 1006.37 161.51
9972.19 1009.7 160.88
9971.87 1012.94 160.27
9971.5 1016.08 159.7
9971.08 1019.12 159.15
9970.59 1022.03 158.63
9970.04 1024.8 158.15
9969.4 1027.43 157.7
9968.67 1029.88 157.28
9967.83 1032.16 156.89
9966.88 1034.24 156.54
9965.78 1036.11 156.23
9964.51 1037.73 155.96
9963.05 1039.09 155.74
9961.34 1040.15 155.55
9959.35 1040.87 155.42
9957 1041.23 155.33
9954.21 1041.15 155.31
9950.85 1040.57 155.34
9946.75 1039.39 155.44
9941.66 1037.49 155.63
9935.2 1034.69 155.89
9926.79 1030.71 156.27
9915.39 1025.13 156.77
9899.09 1017.22 157.43
9873.63 1005.47 158.31
9826.45 985.905 159.57
9592.07 914.709 162.57
