9979.65 1002.99 287.51
9981.66 991.414 270.67
9982.27 985.058 263.73
9982.67 979.583 258.42
9982.95 974.592 253.95
9983.16 969.939 250.02
9983.33 965.556 246.48
9983.46 961.404 243.23
9983.57 957.462 240.21
9983.66 953.717 237.38
9983.73 950.164 234.7
9983.79 946.798 232.16
9983.84 943.618 229.74
9983.89 940.624 227.42
9983.92 937.817 225.18
9983.96 935.199 223.03
9983.99 932.771 220.95
9984.02 930.535 218.93
9984.04 928.494 216.98
9984.07 926.649 215.07
9984.1 925.001 213.22
9984.13 923.554 211.42
9984.16 922.307 209.66
9984.19 921.262 207.93
9984.23 920.419 206.25
9984.27 919.778 204.6
9984.31 919.339 202.98
9984.35 919.102 201.4
9984.4 919.065 199.85
9984.45 919.227 198.32
9984.51 919.586 196.82
9984.56 920.14 195.35
9984.63 920.886 193.91
9984.69 921.821 192.49
9984.76 922.941 191.09
9984.83 924.242 189.72
9984.9 925.72 188.37
9984.98 927.371 187.04
9985.06 929.189 185.73
9985.14 931.168 184.45
9985.22 933.304 183.18
9985.3 935.59 181.94
9985.39 938.02 180.72
9985.47 940.588 179.52
9985.56 943.285 178.34
9985.65 946.107 177.18
9985.73 949.044 176.04
9985.82 952.09 174.92
9985.9 955.237 173.83
9985.99 958.478 172.75
9986.07 961.804 171.7
9986.15 965.208 170.66
9986.22 968.681 169.65
9986.3 972.215 168.66
9986.37 975.802 167.69
9986.43 979.434 166.75
9986.49 983.103 165.82
9986.55 986.799 164.92
9986.6 990.515 164.04
9986.64 994.243 163.18
9986.68 997.974 162.34
9986.71 1001.7 161.53
9986.73 1005.41 160.74
9986.74 1009.11 159.97
9986.75 1012.77 159.23
9986.75 1016.39 158.51
9986.73 1019.97 157.81
9986.71 1023.5 157.14
9986.67 1026.97 156.49
9986.62 1030.37 155.87
9986.55 1033.7 155.27
9986.47 1036.94 154.69
9986.37 1040.09 154.15
9986.26 1043.15 153.62
9986.12 1046.1 153.13
9985.97 1048.94 152.66
9985.79 1051.66 152.22
9985.58 1054.26 151.8
9985.34 1056.72 151.42
9985.07 1059.05 151.06
9984.77 1061.22 150.74
9984.42 1063.24 150.45
9984.02 1065.1 150.19
9983.57 1066.78 149.96
9983.05 1068.27 149.77
9982.45 1069.57 149.63
9981.77 1070.66 149.52
9980.98 1071.51 149.45
9980.06 1072.12 149.44
9978.99 1072.46 149.48
9977.72 1072.48 149.58
9976.2 1072.16 149.75
9974.36 1071.42 149.99
9972.09 1070.19 150.33
9969.24 1068.34 150.77
9965.56 1065.7 151.36
9960.61 1061.98 152.12
9953.59 1056.66 153.13
9942.75 1048.71 154.53
9922.87 1035.3 156.66
9824.69 985.078 163.3
