9971.21 984.054 294.51
9973.4 973.337 278.12
9974.05 967.425 271.34
9974.46 962.306 266.14
9974.75 957.614 261.76
9974.96 953.213 257.89
9975.12 949.041 254.4
9975.24 945.062 251.18
9975.33 941.258 248.19
9975.4 937.618 245.38
9975.45 934.135 242.72
9975.49 930.808 240.18
9975.52 927.637 237.76
9975.54 924.622 235.44
9975.56 921.766 233.2
9975.57 919.072 231.04
9975.58 916.542 228.94
9975.59 914.181 226.91
9975.6 911.992 224.94
9975.61 909.978 223.02
9975.62 908.143 221.15
9975.64 906.49 219.32
9975.65 905.022 217.53
9975.67 903.742 215.78
9975.7 902.652 214.07
9975.73 901.753 212.39
9975.77 901.048 210.74
9975.81 900.538 209.12
9975.86 900.224 207.53
9975.92 900.106 205.97
9975.98 900.184 204.44
9976.04 900.457 202.93
9976.12 900.924 201.44
9976.2 901.584 199.98
9976.29 902.435 198.54
9976.38 903.474 197.12
9976.48 904.699 195.73
9976.58 906.106 194.35
9976.69 907.692 193
9976.81 909.451 191.67
9976.92 911.38 190.36
9977.05 913.474 189.07
9977.18 915.727 187.79
9977.31 918.133 186.54
9977.44 920.686 185.31
9977.58 923.379 184.1
9977.71 926.206 182.91
9977.85 929.16 181.74
9977.99 932.233 180.59
9978.13 935.418 179.47
9978.27 938.707 178.36
9978.41 942.091 177.27
9978.55 945.563 176.2
9978.68 949.113 175.16
9978.82 952.734 174.13
9978.95 956.417 173.13
9979.07 960.152 172.15
9979.19 963.931 171.19
9979.3 967.746 170.25
9979.41 971.586 169.34
9979.51 975.443 168.45
9979.61 979.308 167.58
9979.7 983.172 166.73
9979.77 987.026 165.9
9979.84 990.86 165.1
9979.9 994.666 164.33
9979.94 998.435 163.57
9979.98 1002.16 162.84
9979.99 1005.83 162.14
9980 1009.43 161.46
9979.99 1012.96 160.8
9979.96 1016.42 160.17
9979.92 1019.78 159.56
9979.85 1023.05 158.98
9979.76 1026.21 158.42
9979.65 1029.26 157.9
9979.51 1032.18 157.39
9979.34 1034.98 156.92
9979.14 1037.64 156.47
9978.9 1040.15 156.05
9978.62 1042.51 155.67
9978.29 1044.7 155.31
9977.91 1046.72 154.98
9977.47 1048.56 154.69
9976.95 1050.2 154.44
9976.36 1051.64 154.22
9975.66 1052.85 154.04
9974.84 1053.83 153.91
9973.88 1054.55 153.82
9972.75 1054.98 153.79
9971.4 1055.1 153.82
9969.77 1054.85 153.91
9967.78 1054.18 154.08
9965.32 1053 154.34
9962.2 1051.2 154.72
9958.14 1048.58 155.23
9952.66 1044.85 155.93
9944.84 1039.47 156.87
9932.69 1031.35 158.21
9910.23 1017.54 160.29
9797.69 965.052 166.97
