9981.58 1063.11 286.97
9984.22 1055.21 269.7
9985.07 1050.35 262.55
9985.62 1045.95 257.08
9986.04 1041.79 252.46
9986.37 1037.79 248.4
9986.63 1033.91 244.74
9986.85 1030.15 241.37
9987.04 1026.49 238.24
9987.2 1022.93 235.3
9987.33 1019.46 232.53
9987.45 1016.11 229.89
9987.55 1012.86 227.38
9987.64 1009.72 224.97
9987.72 1006.7 222.66
9987.79 1003.81 220.43
9987.86 1001.04 218.28
9987.91 998.41 216.2
9987.97 995.921 214.18
9988.01 993.579 212.22
9988.06 991.388 210.31
9988.1 989.354 208.45
9988.14 987.482 206.64
9988.17 985.776 204.87
9988.21 984.24 203.14
9988.24 982.877 201.45
9988.28 981.691 199.8
9988.31 980.683 198.18
9988.35 979.857 196.6
9988.38 979.215 195.04
9988.42 978.756 193.52
9988.45 978.482 192.02
9988.49 978.393 190.55
9988.53 978.489 189.11
9988.57 978.768 187.69
9988.61 979.231 186.3
9988.65 979.874 184.93
9988.69 980.695 183.59
9988.74 981.693 182.27
9988.78 982.862 180.97
9988.82 984.201 179.7
9988.87 985.704 178.44
9988.91 987.368 177.21
9988.96 989.187 176
9989.01 991.155 174.81
9989.05 993.269 173.65
9989.1 995.52 172.5
9989.14 997.903 171.37
9989.19 1000.41 170.27
9989.23 1003.04 169.19
9989.27 1005.78 168.13
9989.31 1008.62 167.09
9989.35 1011.56 166.07
9989.38 1014.58 165.07
9989.41 1017.69 164.09
9989.44 1020.87 163.14
9989.47 1024.11 162.21
9989.49 1027.41 161.3
9989.51 1030.75 160.41
9989.52 1034.13 159.54
9989.52 1037.54 158.7
9989.52 1040.97 157.88
9989.52 1044.42 157.08
9989.51 1047.86 156.31
9989.49 1051.3 155.56
9989.46 1054.73 154.83
9989.42 1058.13 154.13
9989.38 1061.5 153.45
9989.32 1064.83 152.79
9989.25 1068.11 152.16
9989.17 1071.32 151.56
9989.08 1074.48 150.98
9988.97 1077.55 150.43
9988.84 1080.54 149.9
9988.7 1083.43 149.4
9988.53 1086.23 148.92
9988.35 1088.91 148.48
9988.14 1091.46 148.06
9987.9 1093.89 147.67
9987.62 1096.18 147.32
9987.32 1098.31 146.99
9986.97 1100.29 146.7
9986.57 1102.09 146.44
9986.12 1103.71 146.22
9985.61 1105.12 146.03
9985.02 1106.32 145.88
9984.34 1107.29 145.78
9983.55 1108 145.72
9982.62 1108.42 145.7
9981.54 1108.53 145.75
9980.25 1108.28 145.85
9978.69 1107.62 146.02
9976.79 1106.48 146.26
9974.42 1104.75 146.58
9971.41 1102.29 147.01
9967.47 1098.89 147.56
9962.09 1094.2 148.25
9954.32 1087.61 149.15
9942.05 1077.88 150.33
9918.85 1061.68 151.99
9796.9 1001.88 156.09
