9970.1 991.381 291.6
9972.97 980.19 274.78
9973.87 973.965 267.85
9974.44 968.588 262.54
9974.86 963.681 258.07
9975.18 959.105 254.15
9975.43 954.793 250.6
9975.63 950.71 247.35
9975.8 946.833 244.33
9975.94 943.151 241.5
9976.05 939.656 238.82
9976.15 936.345 236.28
9976.23 933.215 233.86
9976.3 930.266 231.54
9976.37 927.498 229.3
9976.42 924.912 227.15
9976.47 922.51 225.07
9976.52 920.292 223.05
9976.57 918.261 221.1
9976.61 916.417 219.2
9976.65 914.762 217.35
9976.7 913.297 215.55
9976.74 912.024 213.79
9976.79 910.941 212.07
9976.84 910.051 210.39
9976.89 909.352 208.74
9976.95 908.846 207.13
9977.01 908.53 205.55
9977.07 908.404 204
9977.14 908.467 202.48
9977.21 908.717 200.99
9977.28 909.151 199.52
9977.36 909.769 198.08
9977.44 910.566 196.66
9977.53 911.54 195.27
9977.62 912.688 193.9
9977.71 914.005 192.56
9977.81 915.488 191.23
9977.91 917.132 189.93
9978.01 918.933 188.65
9978.12 920.885 187.39
9978.22 922.984 186.15
9978.33 925.224 184.93
9978.44 927.599 183.74
9978.55 930.103 182.56
9978.66 932.731 181.4
9978.77 935.475 180.27
9978.88 938.33 179.15
9978.99 941.289 178.05
9979.09 944.344 176.98
9979.2 947.489 175.92
9979.3 950.717 174.89
9979.39 954.02 173.87
9979.49 957.391 172.88
9979.57 960.824 171.91
9979.66 964.309 170.95
9979.74 967.84 170.02
9979.81 971.409 169.11
9979.87 975.008 168.22
9979.93 978.631 167.36
9979.97 982.268 166.51
9980.01 985.913 165.69
9980.04 989.557 164.89
9980.05 993.194 164.11
9980.06 996.814 163.35
9980.05 1000.41 162.62
9980.03 1003.98 161.9
9979.99 1007.5 161.22
9979.94 1010.98 160.55
9979.86 1014.41 159.91
9979.77 1017.77 159.3
9979.66 1021.06 158.71
9979.52 1024.28 158.14
9979.36 1027.4 157.6
9979.17 1030.44 157.09
9978.95 1033.37 156.6
9978.7 1036.18 156.14
9978.41 1038.88 155.71
9978.08 1041.45 155.31
9977.7 1043.88 154.94
9977.27 1046.16 154.6
9976.79 1048.28 154.29
9976.23 1050.23 154.01
9975.59 1051.99 153.78
9974.87 1053.54 153.57
9974.04 1054.88 153.41
9973.08 1055.99 153.29
9971.98 1056.82 153.22
9970.7 1057.37 153.2
9969.2 1057.59 153.23
9967.43 1057.45 153.33
9965.32 1056.87 153.49
9962.77 1055.79 153.74
9959.63 1054.11 154.07
9955.7 1051.67 154.53
9950.63 1048.26 155.12
9943.85 1043.54 155.89
9934.29 1036.91 156.91
9919.61 1027.14 158.32
9892.93 1011.03 160.46
9764.36 953.009 167.2
