9811.73 913.16 310.54
9861.5 923.902 295.36
9877.38 926.936 288.95
9888.02 928.668 283.98
9896.04 929.709 279.73
9902.47 930.297 275.94
9907.8 930.554 272.46
9912.33 930.552 269.23
9916.24 930.339 266.19
9919.67 929.945 263.31
9922.7 929.396 260.55
9925.41 928.709 257.91
9927.85 927.898 255.36
9930.05 926.973 252.9
9932.05 925.943 250.52
9933.88 924.816 248.2
9935.56 923.596 245.94
9937.1 922.289 243.74
9938.52 920.899 241.58
9939.83 919.428 239.47
9941.04 917.881 237.41
9942.17 916.26 235.38
9943.22 914.566 233.39
9944.2 912.802 231.43
9945.1 910.969 229.5
9945.95 909.068 227.6
9946.75 907.1 225.73
9947.48 905.099 223.88
9948.16 903.186 222.08
9948.78 901.382 220.31
9949.36 899.694 218.57
9949.89 898.133 216.87
9950.39 896.705 215.2
9950.85 895.418 213.57
9951.28 894.278 211.96
9951.68 893.29 210.38
9952.07 892.458 208.83
9952.42 891.787 207.31
9952.76 891.279 205.81
9953.08 890.937 204.33
9953.39 890.763 202.88
9953.68 890.757 201.46
9953.96 890.919 200.06
9954.22 891.249 198.68
9954.47 891.746 197.32
9954.71 892.407 195.98
9954.93 893.231 194.67
9955.15 894.214 193.37
9955.35 895.353 192.1
9955.54 896.643 190.85
9955.72 898.079 189.62
9955.88 899.657 188.4
9956.03 901.37 187.21
9956.17 903.212 186.04
9956.29 905.177 184.89
9956.4 907.258 183.76
9956.48 909.447 182.65
9956.55 911.736 181.56
9956.6 914.118 180.49
9956.63 916.583 179.44
9956.63 919.125 178.41
9956.6 921.732 177.4
9956.55 924.397 176.41
9956.47 927.11 175.44
9956.36 929.862 174.49
9956.21 932.642 173.56
9956.02 935.442 172.65
9955.79 938.251 171.77
9955.52 941.058 170.9
9955.19 943.854 170.05
9954.82 946.628 169.22
9954.38 949.37 168.41
9953.87 952.068 167.63
9953.29 954.713 166.86
9952.63 957.292 166.11
9951.89 959.794 165.38
9951.04 962.208 164.66
9950.08 964.521 163.97
9948.99 966.72 163.29
9947.76 968.793 162.62
9946.36 970.725 161.98
9944.78 972.501 161.34
9942.98 974.104 160.72
9940.93 975.517 160.1
9938.59 976.719 159.5
9935.9 977.687 158.9
9932.8 978.394 158.29
9929.21 978.81 157.69
9925.01 978.895 157.07
9920.06 978.604 156.43
9914.18 977.879 155.77
9907.1 976.643 155.06
9898.46 974.798 154.3
9887.74 972.208 153.48
9874.15 968.681 152.6
9856.43 963.929 151.64
9832.46 957.498 150.59
9798.25 948.596 149.41
9745.16 935.627 148.02
9648.02 914.34 146.19
9191.56 838.106 141.42
