9977.16 1026.66 289.72
9979.53 1014.76 273.18
9980.28 1008.17 266.34
9980.76 1002.45 261.1
9981.11 997.197 256.69
9981.38 992.25 252.8
9981.59 987.542 249.29
9981.76 983.035 246.06
9981.9 978.706 243.06
9982.01 974.545 240.24
9982.1 970.543 237.57
9982.18 966.698 235.04
9982.24 963.009 232.61
9982.29 959.479 230.29
9982.33 956.108 228.05
9982.37 952.901 225.89
9982.4 949.861 223.81
9982.43 946.992 221.78
9982.45 944.298 219.81
9982.47 941.783 217.9
9982.49 939.451 216.04
9982.51 937.306 214.22
9982.53 935.353 212.44
9982.55 933.594 210.7
9982.57 932.033 208.99
9982.6 930.672 207.32
9982.62 929.515 205.69
9982.66 928.562 204.08
9982.69 927.817 202.5
9982.73 927.279 200.94
9982.77 926.951 199.42
9982.82 926.831 197.92
9982.87 926.921 196.44
9982.92 927.218 194.98
9982.98 927.723 193.55
9983.04 928.433 192.13
9983.11 929.346 190.74
9983.19 930.461 189.37
9983.26 931.772 188.01
9983.34 933.278 186.68
9983.43 934.974 185.37
9983.51 936.855 184.07
9983.6 938.917 182.8
9983.7 941.154 181.54
9983.79 943.561 180.3
9983.89 946.132 179.08
9983.99 948.86 177.88
9984.09 951.739 176.69
9984.19 954.761 175.53
9984.29 957.919 174.38
9984.4 961.206 173.26
9984.5 964.614 172.15
9984.6 968.134 171.06
9984.7 971.759 169.99
9984.79 975.48 168.95
9984.89 979.288 167.92
9984.98 983.175 166.91
9985.06 987.131 165.92
9985.14 991.148 164.96
9985.22 995.216 164.01
9985.29 999.327 163.09
9985.35 1003.47 162.19
9985.41 1007.64 161.31
9985.46 1011.82 160.45
9985.5 1016.01 159.62
9985.53 1020.2 158.81
9985.56 1024.37 158.02
9985.57 1028.51 157.26
9985.57 1032.63 156.52
9985.55 1036.71 155.81
9985.52 1040.73 155.12
9985.48 1044.7 154.46
9985.42 1048.59 153.83
9985.34 1052.41 153.22
9985.24 1056.14 152.64
9985.11 1059.77 152.09
9984.96 1063.29 151.57
9984.79 1066.7 151.08
9984.58 1069.97 150.61
9984.34 1073.11 150.19
9984.06 1076.1 149.79
9983.74 1078.93 149.43
9983.36 1081.58 149.11
9982.92 1084.04 148.82
9982.42 1086.29 148.58
9981.84 1088.32 148.38
9981.16 1090.11 148.22
9980.37 1091.62 148.12
9979.44 1092.84 148.07
9978.35 1093.73 148.08
9977.04 1094.23 148.16
9975.47 1094.3 148.32
9973.54 1093.85 148.57
9971.15 1092.78 148.91
9968.12 1090.94 149.39
9964.16 1088.1 150.01
9958.78 1083.91 150.84
9951.08 1077.74 151.93
9939 1068.32 153.43
9916.42 1052.28 155.7
9800.41 992.267 162.5
