9967.03 908.6 297.04
9968.76 895.505 280.16
9969.18 888.702 273.25
9969.41 883.048 267.99
9969.54 878.059 263.58
9969.62 873.551 259.7
9969.66 869.434 256.22
9969.68 865.653 253.02
9969.68 862.178 250.05
9969.68 858.985 247.26
9969.67 856.06 244.63
9969.66 853.392 242.13
9969.65 850.973 239.75
9969.64 848.796 237.46
9969.64 846.857 235.27
9969.64 845.15 233.15
9969.64 843.673 231.1
9969.66 842.422 229.11
9969.68 841.393 227.18
9969.71 840.583 225.31
9969.74 839.99 223.48
9969.79 839.61 221.7
9969.84 839.439 219.96
9969.91 839.474 218.26
9969.98 839.711 216.6
9970.07 840.147 214.97
9970.16 840.776 213.38
9970.26 841.595 211.82
9970.37 842.6 210.28
9970.49 843.785 208.78
9970.61 845.145 207.31
9970.74 846.675 205.86
9970.88 848.369 204.43
9971.03 850.222 203.04
9971.18 852.228 201.66
9971.34 854.381 200.32
9971.51 856.674 198.99
9971.68 859.102 197.69
9971.85 861.657 196.41
9972.02 864.333 195.16
9972.2 867.123 193.92
9972.38 870.02 192.71
9972.57 873.017 191.52
9972.75 876.107 190.36
9972.93 879.283 189.21
9973.12 882.537 188.09
9973.3 885.862 186.99
9973.48 889.251 185.91
9973.66 892.696 184.86
9973.83 896.191 183.82
9974 899.728 182.81
9974.17 903.299 181.82
9974.33 906.897 180.85
9974.49 910.516 179.9
9974.64 914.147 178.98
9974.79 917.784 178.07
9974.93 921.419 177.19
9975.06 925.047 176.33
9975.18 928.659 175.5
9975.29 932.249 174.68
9975.4 935.811 173.89
9975.49 939.338 173.12
9975.57 942.824 172.38
9975.64 946.262 171.65
9975.7 949.646 170.95
9975.74 952.971 170.27
9975.77 956.23 169.62
9975.79 959.417 168.98
9975.79 962.528 168.38
9975.77 965.557 167.79
9975.73 968.498 167.23
9975.68 971.347 166.69
9975.6 974.099 166.17
9975.5 976.748 165.68
9975.37 979.29 165.22
9975.22 981.721 164.78
9975.03 984.035 164.36
9974.82 986.229 163.97
9974.56 988.298 163.61
9974.27 990.236 163.28
9973.93 992.04 162.97
9973.54 993.703 162.69
9973.09 995.221 162.45
9972.57 996.587 162.24
9971.98 997.794 162.07
9971.3 998.833 161.93
9970.52 999.694 161.83
9969.61 1000.37 161.78
9968.56 1000.83 161.78
9967.33 1001.07 161.83
9965.88 1001.05 161.95
9964.16 1000.75 162.14
9962.09 1000.11 162.41
9959.56 999.063 162.79
9956.41 997.507 163.29
9952.39 995.289 163.96
9947.08 992.159 164.84
9939.71 987.679 166.05
9928.59 980.949 167.76
9908.89 969.55 170.5
9818.74 926.589 180.17
