9983.22 1014.92 278.65
9983.66 1000.41 262.93
9983.74 993.061 256.43
9983.77 986.956 251.44
9983.77 981.548 247.24
9983.76 976.628 243.54
9983.73 972.095 240.19
9983.7 967.89 237.11
9983.67 963.978 234.25
9983.63 960.337 231.56
9983.6 956.95 229.02
9983.56 953.809 226.6
9983.53 950.906 224.29
9983.49 948.235 222.07
9983.46 945.794 219.93
9983.44 943.58 217.87
9983.41 941.592 215.88
9983.39 939.826 213.94
9983.38 938.283 212.07
9983.37 936.962 210.24
9983.37 935.86 208.46
9983.37 934.976 206.72
9983.38 934.31 205.03
9983.39 933.859 203.37
9983.41 933.621 201.75
9983.43 933.594 200.16
9983.46 933.775 198.6
9983.5 934.162 197.08
9983.54 934.752 195.58
9983.58 935.54 194.11
9983.63 936.524 192.67
9983.69 937.698 191.25
9983.75 939.058 189.86
9983.82 940.601 188.5
9983.89 942.319 187.16
9983.97 944.209 185.84
9984.05 946.264 184.54
9984.13 948.478 183.27
9984.22 950.846 182.02
9984.31 953.36 180.79
9984.4 956.015 179.58
9984.49 958.803 178.4
9984.59 961.716 177.23
9984.68 964.749 176.09
9984.78 967.893 174.97
9984.88 971.141 173.87
9984.98 974.485 172.79
9985.08 977.918 171.73
9985.18 981.431 170.7
9985.28 985.017 169.68
9985.38 988.667 168.69
9985.47 992.373 167.71
9985.57 996.128 166.76
9985.66 999.924 165.83
9985.74 1003.75 164.93
9985.83 1007.6 164.04
9985.91 1011.47 163.17
9985.99 1015.35 162.33
9986.06 1019.22 161.51
9986.13 1023.09 160.71
9986.2 1026.94 159.93
9986.25 1030.77 159.18
9986.31 1034.57 158.45
9986.35 1038.33 157.74
9986.39 1042.05 157.05
9986.42 1045.71 156.38
9986.45 1049.31 155.74
9986.47 1052.84 155.12
9986.47 1056.31 154.52
9986.47 1059.69 153.94
9986.46 1062.98 153.39
9986.44 1066.18 152.86
9986.4 1069.28 152.36
9986.35 1072.27 151.87
9986.29 1075.15 151.41
9986.21 1077.92 150.98
9986.12 1080.56 150.57
9986 1083.07 150.19
9985.87 1085.44 149.83
9985.72 1087.68 149.5
9985.53 1089.77 149.19
9985.32 1091.7 148.92
9985.08 1093.48 148.67
9984.8 1095.08 148.46
9984.47 1096.51 148.27
9984.1 1097.76 148.13
9983.66 1098.81 148.02
9983.16 1099.66 147.95
9982.56 1100.28 147.93
9981.87 1100.65 147.96
9981.04 1100.75 148.05
9980.06 1100.54 148.21
9978.86 1099.97 148.44
9977.38 1098.98 148.77
9975.52 1097.45 149.22
9973.12 1095.23 149.81
9969.91 1092.07 150.61
9965.37 1087.5 151.69
9958.39 1080.6 153.23
9945.63 1068.82 155.67
9882.81 1023.74 163.9
