9979.92 1076.15 288.22
9982.94 1066.9 271.11
9983.9 1061.23 264.04
9984.53 1056.11 258.62
9985 1051.26 254.06
9985.37 1046.59 250.04
9985.66 1042.06 246.42
9985.91 1037.65 243.08
9986.12 1033.34 239.98
9986.29 1029.12 237.07
9986.44 1025 234.32
9986.56 1020.99 231.7
9986.67 1017.07 229.2
9986.77 1013.26 226.81
9986.85 1009.56 224.5
9986.92 1005.98 222.28
9986.98 1002.52 220.13
9987.03 999.194 218.05
9987.08 996.004 216.02
9987.12 992.957 214.06
9987.16 990.061 212.14
9987.19 987.321 210.27
9987.23 984.745 208.45
9987.26 982.338 206.66
9987.28 980.107 204.92
9987.31 978.056 203.2
9987.34 976.192 201.53
9987.37 974.52 199.88
9987.4 973.043 198.26
9987.43 971.766 196.67
9987.46 970.693 195.11
9987.49 969.827 193.57
9987.52 969.17 192.06
9987.56 968.725 190.57
9987.6 968.493 189.1
9987.64 968.475 187.66
9987.69 968.672 186.23
9987.74 969.084 184.83
9987.79 969.709 183.45
9987.84 970.548 182.08
9987.89 971.598 180.73
9987.95 972.857 179.41
9988.01 974.321 178.1
9988.07 975.989 176.81
9988.14 977.855 175.54
9988.21 979.915 174.28
9988.27 982.165 173.04
9988.34 984.598 171.83
9988.41 987.21 170.63
9988.49 989.993 169.45
9988.56 992.942 168.28
9988.63 996.048 167.14
9988.7 999.305 166.01
9988.77 1002.7 164.9
9988.84 1006.24 163.82
9988.91 1009.9 162.75
9988.97 1013.67 161.7
9989.04 1017.56 160.67
9989.1 1021.54 159.67
9989.15 1025.61 158.68
9989.21 1029.76 157.72
9989.25 1033.98 156.77
9989.3 1038.25 155.85
9989.33 1042.58 154.95
9989.37 1046.95 154.08
9989.39 1051.34 153.22
9989.4 1055.75 152.4
9989.41 1060.16 151.59
9989.41 1064.57 150.81
9989.4 1068.97 150.06
9989.37 1073.34 149.33
9989.34 1077.67 148.63
9989.29 1081.95 147.96
9989.22 1086.17 147.31
9989.14 1090.32 146.69
9989.04 1094.38 146.1
9988.92 1098.35 145.55
9988.78 1102.21 145.02
9988.61 1105.94 144.53
9988.41 1109.54 144.07
9988.18 1112.99 143.65
9987.91 1116.27 143.26
9987.6 1119.37 142.91
9987.24 1122.26 142.61
9986.81 1124.94 142.35
9986.32 1127.38 142.13
9985.75 1129.54 141.97
9985.08 1131.41 141.86
9984.29 1132.94 141.81
9983.35 1134.09 141.82
9982.21 1134.81 141.91
9980.84 1135.03 142.09
9979.15 1134.65 142.36
9977.02 1133.56 142.74
9974.29 1131.57 143.26
9970.68 1128.43 143.94
9965.71 1123.73 144.83
9958.45 1116.75 146
9946.81 1106.05 147.61
9924.4 1087.77 149.99
9801.26 1019.3 156.78
