9773.08 811.282 330.63
9819.86 813.472 312.55
9834.58 812.439 305.06
9844.33 810.884 299.31
9851.62 809.07 294.47
9857.39 807.104 290.21
9862.13 805.044 286.37
9866.1 802.926 282.83
9869.5 800.778 279.55
9872.45 798.62 276.46
9875.03 796.468 273.55
9877.3 794.336 270.78
9879.33 792.236 268.14
9881.14 790.181 265.61
9882.77 788.178 263.17
9884.25 786.239 260.83
9885.6 784.371 258.56
9886.83 782.583 256.37
9887.96 780.881 254.24
9889 779.272 252.17
9889.97 777.764 250.15
9890.87 776.362 248.19
9891.71 775.071 246.27
9892.51 773.898 244.4
9893.26 772.846 242.57
9893.97 771.919 240.78
9894.64 771.122 239.03
9895.29 770.458 237.31
9895.92 769.929 235.63
9896.52 769.539 233.97
9897.1 769.289 232.35
9897.67 769.18 230.75
9898.22 769.215 229.18
9898.76 769.393 227.64
9899.29 769.715 226.13
9899.81 770.18 224.63
9900.32 770.788 223.17
9900.83 771.538 221.72
9901.32 772.427 220.3
9901.81 773.455 218.9
9902.29 774.619 217.52
9902.77 775.915 216.16
9903.24 777.342 214.83
9903.69 778.894 213.51
9904.15 780.57 212.22
9904.59 782.363 210.94
9905.02 784.27 209.69
9905.44 786.285 208.45
9905.84 788.404 207.23
9906.23 790.622 206.04
9906.61 792.931 204.86
9906.97 795.328 203.71
9907.31 797.804 202.57
9907.62 800.354 201.46
9907.92 802.972 200.36
9908.19 805.651 199.28
9908.43 808.383 198.23
9908.64 811.162 197.19
9908.82 813.98 196.17
9908.97 816.831 195.18
9909.07 819.707 194.2
9909.14 822.601 193.25
9909.16 825.504 192.31
9909.13 828.411 191.4
9909.05 831.312 190.51
9908.91 834.201 189.63
9908.71 837.07 188.78
9908.44 839.912 187.95
9908.11 842.717 187.15
9907.69 845.48 186.36
9907.2 848.192 185.6
9906.6 850.845 184.85
9905.91 853.432 184.13
9905.11 855.944 183.44
9904.19 858.374 182.76
9903.13 860.713 182.11
9901.93 862.952 181.48
9900.56 865.084 180.87
9899.02 867.099 180.29
9897.26 868.987 179.74
9895.28 870.737 179.2
9893.05 872.339 178.69
9890.51 873.781 178.21
9887.64 875.049 177.76
9884.39 876.126 177.33
9880.68 876.996 176.93
9876.44 877.638 176.55
9871.57 878.025 176.21
9865.96 878.128 175.9
9859.44 877.908 175.62
9851.8 877.317 175.38
9842.77 876.293 175.18
9831.98 874.752 175.01
9818.88 872.581 174.89
9802.68 869.617 174.83
9782.16 865.62 174.82
9755.33 860.208 174.87
9718.52 852.721 175.02
9664.04 841.832 175.29
9570.29 824.033 175.78
9179.77 761.219 177.55
