9701.66 754.087 342.14
9754.08 755.884 323.57
9770.79 754.975 315.95
9781.94 753.647 310.12
9790.32 752.12 305.23
9796.98 750.482 300.93
9802.47 748.782 297.05
9807.1 747.048 293.48
9811.08 745.303 290.17
9814.54 743.564 287.07
9817.57 741.844 284.13
9820.27 740.154 281.35
9822.68 738.504 278.68
9824.85 736.904 276.13
9826.81 735.362 273.68
9828.6 733.885 271.32
9830.24 732.479 269.03
9831.75 731.153 266.82
9833.14 729.911 264.67
9834.44 728.76 262.58
9835.66 727.705 260.54
9836.8 726.75 258.56
9837.88 725.9 256.62
9838.91 725.16 254.73
9839.89 724.533 252.87
9840.83 724.023 251.06
9841.73 723.633 249.29
9842.6 723.365 247.54
9843.45 723.222 245.84
9844.28 723.205 244.16
9845.09 723.317 242.51
9845.88 723.558 240.89
9846.66 723.929 239.3
9847.43 724.43 237.74
9848.18 725.061 236.2
9848.93 725.822 234.68
9849.68 726.711 233.19
9850.41 727.728 231.73
9851.14 728.87 230.29
9851.87 730.136 228.87
9852.58 731.523 227.47
9853.29 733.027 226.09
9854 734.647 224.74
9854.69 736.378 223.4
9855.37 738.216 222.09
9856.05 740.158 220.8
9856.71 742.198 219.53
9857.36 744.332 218.28
9857.99 746.554 217.05
9858.61 748.86 215.85
9859.2 751.243 214.66
9859.78 753.698 213.49
9860.33 756.219 212.35
9860.85 758.799 211.22
9861.35 761.432 210.12
9861.81 764.112 209.04
9862.24 766.831 207.98
9862.63 769.584 206.94
9862.98 772.362 205.92
9863.29 775.159 204.92
9863.54 777.967 203.94
9863.75 780.78 202.99
9863.9 783.591 202.05
9863.99 786.391 201.14
9864.01 789.174 200.25
9863.97 791.933 199.39
9863.84 794.66 198.54
9863.64 797.348 197.72
9863.34 799.989 196.92
9862.95 802.577 196.14
9862.45 805.104 195.39
9861.84 807.563 194.66
9861.11 809.947 193.95
9860.24 812.248 193.27
9859.22 814.459 192.61
9858.04 816.573 191.98
9856.68 818.582 191.37
9855.12 820.478 190.79
9853.34 822.254 190.23
9851.32 823.9 189.7
9849.01 825.408 189.2
9846.4 826.768 188.73
9843.43 827.97 188.29
9840.06 829.002 187.88
9836.23 829.85 187.5
9831.86 830.498 187.16
9826.86 830.929 186.85
9821.13 831.121 186.58
9814.51 831.045 186.36
9806.84 830.667 186.19
9797.88 829.944 186.07
9787.3 828.817 186.01
9774.7 827.211 186.03
9759.47 825.019 186.13
9740.73 822.088 186.33
9717.16 818.191 186.67
9686.54 812.966 187.19
9644.95 805.786 187.97
9584.11 795.388 189.18
9481.12 778.429 191.32
9067.27 718.657 200.45
