9982.52 1012.98 287.02
9984 1000.57 270.87
9984.45 993.949 264.18
9984.74 988.29 259.05
9984.95 983.145 254.73
9985.11 978.35 250.92
9985.23 973.823 247.47
9985.33 969.521 244.3
9985.4 965.417 241.35
9985.46 961.496 238.58
9985.51 957.75 235.95
9985.55 954.174 233.45
9985.58 950.764 231.07
9985.6 947.522 228.77
9985.62 944.447 226.56
9985.64 941.541 224.43
9985.65 938.808 222.37
9985.67 936.249 220.36
9985.68 933.867 218.42
9985.69 931.667 216.52
9985.7 929.65 214.67
9985.71 927.821 212.86
9985.73 926.181 211.1
9985.74 924.734 209.37
9985.76 923.482 207.68
9985.79 922.427 206.02
9985.81 921.571 204.39
9985.84 920.915 202.79
9985.87 920.46 201.21
9985.9 920.208 199.67
9985.94 920.158 198.14
9985.99 920.31 196.65
9986.03 920.663 195.17
9986.08 921.217 193.72
9986.14 921.97 192.29
9986.2 922.92 190.88
9986.26 924.064 189.5
9986.32 925.399 188.13
9986.39 926.923 186.78
9986.47 928.631 185.45
9986.54 930.52 184.14
9986.62 932.584 182.85
9986.7 934.819 181.58
9986.78 937.22 180.33
9986.87 939.78 179.1
9986.96 942.493 177.88
9987.04 945.354 176.69
9987.13 948.356 175.51
9987.22 951.49 174.35
9987.31 954.751 173.21
9987.4 958.131 172.1
9987.49 961.622 171
9987.58 965.215 169.92
9987.66 968.903 168.86
9987.75 972.678 167.82
9987.83 976.53 166.81
9987.91 980.452 165.81
9987.98 984.434 164.84
9988.05 988.468 163.88
9988.12 992.545 162.95
9988.18 996.655 162.04
9988.24 1000.79 161.15
9988.29 1004.94 160.29
9988.34 1009.1 159.45
9988.38 1013.25 158.63
9988.41 1017.4 157.84
9988.43 1021.52 157.07
9988.44 1025.61 156.32
9988.45 1029.67 155.6
9988.44 1033.67 154.9
9988.43 1037.62 154.23
9988.4 1041.51 153.59
9988.35 1045.32 152.97
9988.3 1049.04 152.39
9988.22 1052.67 151.82
9988.13 1056.2 151.29
9988.02 1059.62 150.79
9987.88 1062.92 150.32
9987.73 1066.09 149.88
9987.54 1069.11 149.47
9987.33 1071.99 149.09
9987.08 1074.7 148.76
9986.78 1077.24 148.46
9986.45 1079.59 148.19
9986.05 1081.73 147.97
9985.6 1083.66 147.8
9985.07 1085.36 147.68
9984.45 1086.79 147.6
9983.72 1087.94 147.59
9982.85 1088.76 147.64
9981.82 1089.23 147.76
9980.57 1089.28 147.97
9979.04 1088.84 148.28
9977.14 1087.82 148.69
9974.71 1086.07 149.25
9971.52 1083.38 149.99
9967.19 1079.41 150.95
9960.93 1073.56 152.24
9951.05 1064.64 154.02
9932.43 1049.4 156.76
9834.68 991.996 165.52
