9994.78 1145.14 269.35
9995.39 1129.74 252.81
9995.58 1121.4 245.98
9995.69 1114.21 240.73
9995.78 1107.61 236.32
9995.84 1101.4 232.43
9995.88 1095.5 228.91
9995.92 1089.84 225.68
9995.94 1084.4 222.68
9995.96 1079.16 219.85
9995.98 1074.11 217.19
9995.99 1069.24 214.65
9996 1064.56 212.23
9996 1060.07 209.91
9996 1055.77 207.68
9996 1051.65 205.52
9996 1047.74 203.44
9996 1044.02 201.42
9995.99 1040.51 199.46
9995.99 1037.21 197.56
9995.99 1034.13 195.7
9995.99 1031.26 193.89
9995.98 1028.62 192.12
9995.98 1026.22 190.4
9995.98 1024.04 188.7
9995.98 1022.1 187.05
9995.98 1020.4 185.42
9995.98 1018.95 183.83
9995.99 1017.74 182.27
9995.99 1016.77 180.73
9996 1016.06 179.22
9996 1015.59 177.74
9996.01 1015.37 176.28
9996.03 1015.4 174.84
9996.04 1015.68 173.43
9996.05 1016.2 172.04
9996.07 1016.96 170.67
9996.09 1017.96 169.32
9996.11 1019.2 167.99
9996.13 1020.68 166.68
9996.15 1022.38 165.39
9996.17 1024.3 164.12
9996.2 1026.44 162.87
9996.22 1028.79 161.64
9996.25 1031.35 160.43
9996.28 1034.11 159.24
9996.31 1037.06 158.06
9996.34 1040.19 156.91
9996.37 1043.5 155.77
9996.4 1046.98 154.66
9996.43 1050.61 153.56
9996.46 1054.4 152.48
9996.49 1058.33 151.43
9996.52 1062.39 150.39
9996.55 1066.57 149.37
9996.58 1070.86 148.38
9996.6 1075.26 147.4
9996.63 1079.75 146.44
9996.66 1084.32 145.51
9996.68 1088.96 144.6
9996.7 1093.67 143.71
9996.72 1098.43 142.84
9996.74 1103.23 141.99
9996.76 1108.05 141.16
9996.77 1112.9 140.36
9996.79 1117.76 139.58
9996.79 1122.62 138.82
9996.8 1127.47 138.09
9996.8 1132.29 137.38
9996.8 1137.08 136.69
9996.8 1141.83 136.03
9996.79 1146.52 135.4
9996.77 1151.15 134.79
9996.75 1155.7 134.2
9996.73 1160.17 133.64
9996.7 1164.54 133.11
9996.66 1168.81 132.61
9996.61 1172.95 132.13
9996.56 1176.96 131.69
9996.5 1180.83 131.27
9996.42 1184.54 130.89
9996.33 1188.08 130.54
9996.23 1191.44 130.23
9996.11 1194.6 129.95
9995.97 1197.54 129.71
9995.81 1200.25 129.52
9995.62 1202.7 129.37
9995.39 1204.86 129.27
9995.12 1206.72 129.22
9994.8 1208.22 129.24
9994.42 1209.33 129.33
9993.94 1209.98 129.51
9993.36 1210.1 129.78
9992.62 1209.59 130.16
9991.65 1208.29 130.69
9990.37 1205.99 131.39
9988.57 1202.33 132.33
9985.9 1196.7 133.6
9981.51 1187.86 135.37
9972.78 1172.48 138.05
9920.35 1113.62 145.59
