9975.2 1026.74 289.95
9977.81 1015.63 272.94
9978.61 1009.27 265.93
9979.11 1003.7 260.56
9979.48 998.558 256.05
9979.75 993.707 252.08
9979.96 989.086 248.49
9980.13 984.664 245.2
9980.26 980.423 242.15
9980.37 976.352 239.28
9980.45 972.448 236.57
9980.52 968.708 234
9980.58 965.133 231.55
9980.62 961.724 229.2
9980.66 958.485 226.93
9980.69 955.417 224.76
9980.72 952.526 222.65
9980.74 949.813 220.61
9980.76 947.283 218.63
9980.78 944.939 216.7
9980.79 942.784 214.83
9980.81 940.822 213
9980.83 939.056 211.22
9980.85 937.487 209.48
9980.88 936.118 207.77
9980.9 934.951 206.1
9980.93 933.987 204.46
9980.97 933.227 202.86
9981 932.672 201.29
9981.04 932.321 199.74
9981.09 932.175 198.22
9981.14 932.232 196.73
9981.19 932.491 195.27
9981.25 932.951 193.82
9981.31 933.609 192.41
9981.38 934.462 191.01
9981.45 935.509 189.64
9981.53 936.744 188.29
9981.61 938.165 186.96
9981.69 939.767 185.65
9981.78 941.545 184.36
9981.87 943.494 183.09
9981.96 945.609 181.84
9982.05 947.884 180.62
9982.15 950.314 179.41
9982.25 952.891 178.22
9982.35 955.609 177.05
9982.45 958.461 175.91
9982.55 961.439 174.78
9982.65 964.538 173.67
9982.75 967.748 172.58
9982.85 971.063 171.52
9982.94 974.473 170.47
9983.04 977.972 169.44
9983.13 981.55 168.44
9983.22 985.199 167.45
9983.3 988.912 166.49
9983.38 992.679 165.55
9983.46 996.491 164.63
9983.53 1000.34 163.73
9983.59 1004.22 162.85
9983.65 1008.12 161.99
9983.7 1012.02 161.16
9983.74 1015.93 160.35
9983.77 1019.84 159.56
9983.79 1023.72 158.8
9983.8 1027.59 158.06
9983.8 1031.42 157.34
9983.79 1035.21 156.64
9983.76 1038.94 155.97
9983.72 1042.62 155.33
9983.67 1046.23 154.71
9983.59 1049.77 154.11
9983.5 1053.22 153.54
9983.38 1056.57 153
9983.24 1059.82 152.49
9983.08 1062.96 152
9982.88 1065.98 151.54
9982.66 1068.86 151.11
9982.4 1071.61 150.71
9982.1 1074.2 150.34
9981.75 1076.63 150
9981.35 1078.89 149.7
9980.89 1080.96 149.43
9980.36 1082.82 149.2
9979.75 1084.47 149.01
9979.04 1085.88 148.86
9978.22 1087.03 148.76
9977.25 1087.89 148.71
9976.12 1088.43 148.71
9974.77 1088.61 148.78
9973.14 1088.36 148.92
9971.17 1087.63 149.13
9968.72 1086.3 149.44
9965.62 1084.24 149.87
9961.6 1081.22 150.43
9956.15 1076.92 151.17
9948.39 1070.73 152.16
9936.28 1061.43 153.52
9913.83 1045.77 155.58
9800.07 987.723 161.74
