9983.86 990.245 276.25
9984.04 973.035 260.57
9984.02 964.556 254.11
9983.97 957.65 249.17
9983.9 951.639 245
9983.83 946.264 241.34
9983.76 941.395 238.04
9983.69 936.956 235
9983.62 932.901 232.17
9983.55 929.196 229.52
9983.48 925.819 227.01
9983.42 922.753 224.62
9983.37 919.987 222.34
9983.32 917.509 220.15
9983.28 915.313 218.05
9983.24 913.392 216.01
9983.21 911.739 214.04
9983.19 910.35 212.13
9983.17 909.22 210.28
9983.17 908.344 208.47
9983.17 907.718 206.71
9983.17 907.337 204.99
9983.19 907.196 203.32
9983.21 907.292 201.67
9983.24 907.62 200.07
9983.28 908.174 198.49
9983.33 908.95 196.95
9983.38 909.941 195.44
9983.44 911.144 193.95
9983.51 912.551 192.5
9983.58 914.158 191.06
9983.66 915.958 189.66
9983.74 917.944 188.28
9983.83 920.11 186.92
9983.93 922.45 185.59
9984.03 924.957 184.28
9984.13 927.622 182.99
9984.24 930.44 181.73
9984.35 933.403 180.49
9984.46 936.504 179.27
9984.58 939.734 178.07
9984.69 943.086 176.89
9984.81 946.553 175.73
9984.93 950.126 174.6
9985.06 953.798 173.49
9985.18 957.561 172.4
9985.3 961.406 171.32
9985.42 965.326 170.28
9985.54 969.312 169.25
9985.66 973.357 168.24
9985.78 977.453 167.26
9985.9 981.592 166.29
9986.01 985.765 165.35
9986.12 989.965 164.43
9986.23 994.185 163.53
9986.33 998.416 162.65
9986.43 1002.65 161.79
9986.53 1006.88 160.96
9986.62 1011.1 160.15
9986.7 1015.3 159.36
9986.79 1019.48 158.59
9986.86 1023.62 157.84
9986.93 1027.72 157.12
9986.99 1031.78 156.41
9987.05 1035.78 155.73
9987.1 1039.72 155.07
9987.14 1043.6 154.44
9987.17 1047.4 153.83
9987.2 1051.13 153.23
9987.21 1054.76 152.67
9987.22 1058.31 152.12
9987.22 1061.76 151.6
9987.2 1065.1 151.1
9987.17 1068.34 150.63
9987.13 1071.46 150.18
9987.08 1074.47 149.75
9987.01 1077.34 149.35
9986.92 1080.09 148.98
9986.82 1082.7 148.63
9986.69 1085.17 148.31
9986.55 1087.49 148.01
9986.37 1089.65 147.75
9986.17 1091.66 147.51
9985.94 1093.49 147.31
9985.67 1095.15 147.13
9985.35 1096.62 147
9984.99 1097.9 146.9
9984.56 1098.96 146.85
9984.06 1099.8 146.85
9983.48 1100.39 146.89
9982.78 1100.7 147
9981.95 1100.71 147.17
9980.95 1100.35 147.43
9979.72 1099.56 147.78
9978.18 1098.25 148.26
9976.2 1096.27 148.89
9973.57 1093.36 149.74
9969.88 1089.11 150.88
9964.26 1082.64 152.52
9954.12 1071.59 155.13
9905.49 1029.57 164.09
