9947.55 907.386 302.96
9949.86 898.204 286.97
9950.51 893.252 280.34
9950.89 889.024 275.24
9951.15 885.198 270.93
9951.32 881.653 267.13
9951.44 878.331 263.69
9951.53 875.202 260.52
9951.59 872.247 257.57
9951.62 869.456 254.79
9951.65 866.824 252.16
9951.66 864.346 249.65
9951.67 862.023 247.25
9951.68 859.853 244.95
9951.68 857.838 242.72
9951.69 855.979 240.58
9951.69 854.278 238.5
9951.7 852.737 236.48
9951.72 851.358 234.52
9951.74 850.142 232.6
9951.78 849.091 230.74
9951.81 848.207 228.92
9951.86 847.491 227.14
9951.92 846.945 225.4
9951.99 846.569 223.69
9952.06 846.364 222.02
9952.15 846.329 220.38
9952.25 846.465 218.78
9952.36 846.772 217.2
9952.48 847.247 215.65
9952.61 847.891 214.12
9952.75 848.7 212.63
9952.9 849.674 211.15
9953.07 850.81 209.71
9953.24 852.104 208.28
9953.42 853.554 206.88
9953.61 855.157 205.51
9953.81 856.907 204.16
9954.02 858.801 202.82
9954.23 860.835 201.52
9954.45 863.002 200.23
9954.68 865.299 198.96
9954.91 867.719 197.72
9955.15 870.256 196.5
9955.38 872.905 195.3
9955.63 875.658 194.12
9955.87 878.51 192.96
9956.12 881.453 191.83
9956.36 884.48 190.72
9956.6 887.584 189.62
9956.85 890.757 188.55
9957.09 893.993 187.51
9957.32 897.283 186.48
9957.56 900.619 185.47
9957.78 903.994 184.49
9958 907.399 183.53
9958.22 910.827 182.59
9958.43 914.269 181.68
9958.62 917.718 180.78
9958.81 921.165 179.91
9958.99 924.603 179.06
9959.15 928.023 178.24
9959.3 931.417 177.43
9959.44 934.778 176.65
9959.56 938.098 175.89
9959.67 941.369 175.16
9959.76 944.583 174.44
9959.83 947.734 173.75
9959.88 950.813 173.09
9959.91 953.814 172.44
9959.91 956.73 171.82
9959.89 959.554 171.23
9959.84 962.28 170.65
9959.76 964.9 170.1
9959.65 967.41 169.58
9959.5 969.802 169.08
9959.31 972.071 168.6
9959.07 974.211 168.15
9958.79 976.217 167.72
9958.45 978.083 167.32
9958.05 979.803 166.95
9957.58 981.371 166.61
9957.03 982.782 166.29
9956.39 984.03 166.01
9955.64 985.106 165.76
9954.77 986.002 165.54
9953.76 986.709 165.36
9952.57 987.215 165.23
9951.18 987.504 165.14
9949.54 987.557 165.1
9947.59 987.346 165.11
9945.24 986.837 165.2
9942.4 985.977 165.37
9938.89 984.695 165.63
9934.5 982.883 166.01
9928.84 980.376 166.55
9921.31 976.901 167.3
9910.76 971.974 168.35
9894.73 964.595 169.9
9866.06 952.062 172.46
9733 904.149 182.26
