9386.62 672.69 357.32
9522.4 682.317 337.44
9565.7 684.111 329.33
9594.61 684.665 323.15
9616.36 684.603 317.97
9633.7 684.17 313.43
9648.01 683.493 309.33
9660.12 682.648 305.58
9670.54 681.687 302.1
9679.62 680.645 298.84
9687.63 679.551 295.76
9694.75 678.425 292.84
9701.13 677.287 290.05
9706.88 676.15 287.38
9712.09 675.029 284.82
9716.84 673.933 282.35
9721.19 672.873 279.97
9725.18 671.858 277.66
9728.87 670.895 275.43
9732.29 669.993 273.25
9735.47 669.158 271.14
9738.44 668.395 269.08
9741.22 667.712 267.07
9743.83 667.112 265.11
9746.29 666.601 263.2
9748.61 666.183 261.32
9750.82 665.862 259.48
9752.92 665.64 257.68
9754.92 665.522 255.92
9756.83 665.51 254.19
9758.66 665.606 252.49
9760.42 665.812 250.82
9762.12 666.129 249.18
9763.75 666.558 247.57
9765.33 667.1 245.99
9766.86 667.755 244.43
9768.34 668.523 242.9
9769.78 669.403 241.39
9771.17 670.395 239.9
9772.52 671.497 238.44
9773.84 672.707 237.01
9775.11 674.023 235.59
9776.35 675.443 234.2
9777.55 676.964 232.83
9778.71 678.583 231.48
9779.83 680.297 230.15
9780.91 682.101 228.84
9781.95 683.992 227.56
9782.95 685.965 226.29
9783.9 688.015 225.05
9784.81 690.139 223.82
9785.66 692.33 222.62
9786.46 694.583 221.44
9787.21 696.893 220.27
9787.89 699.254 219.13
9788.52 701.66 218.01
9789.07 704.105 216.91
9789.55 706.583 215.83
9789.96 709.087 214.78
9790.28 711.611 213.74
9790.52 714.149 212.72
9790.67 716.693 211.73
9790.71 719.238 210.76
9790.65 721.776 209.8
9790.47 724.301 208.87
9790.17 726.806 207.97
9789.74 729.285 207.08
9789.17 731.729 206.22
9788.44 734.133 205.37
9787.55 736.49 204.55
9786.49 738.793 203.76
9785.22 741.035 202.98
9783.75 743.209 202.23
9782.05 745.308 201.51
9780.1 747.324 200.8
9777.88 749.252 200.12
9775.35 751.082 199.47
9772.5 752.809 198.84
9769.27 754.422 198.24
9765.63 755.914 197.66
9761.53 757.276 197.11
9756.92 758.497 196.59
9751.72 759.565 196.1
9745.86 760.47 195.64
9739.24 761.194 195.21
9731.74 761.723 194.81
9723.22 762.035 194.45
9713.51 762.105 194.13
9702.39 761.904 193.85
9689.57 761.394 193.62
9674.7 760.526 193.44
9657.3 759.239 193.32
9636.73 757.447 193.26
9612.08 755.036 193.29
9582.07 751.844 193.41
9544.73 747.629 193.66
9496.91 742.011 194.08
9433 734.333 194.74
9341.49 723.289 195.81
9191.09 705.449 197.72
8628.94 644.114 205.91
