9974.39 1108.23 289.15
9978.97 1100.49 270.78
9980.32 1094.93 263.24
9981.18 1089.67 257.49
9981.79 1084.55 252.65
9982.26 1079.53 248.41
9982.62 1074.58 244.59
9982.91 1069.7 241.09
9983.15 1064.89 237.84
9983.34 1060.16 234.8
9983.49 1055.5 231.93
9983.61 1050.93 229.22
9983.72 1046.46 226.63
9983.8 1042.1 224.15
9983.86 1037.85 221.78
9983.91 1033.73 219.49
9983.95 1029.74 217.29
9983.98 1025.9 215.15
9984 1022.22 213.09
9984.01 1018.7 211.08
9984.02 1015.35 209.14
9984.03 1012.19 207.24
9984.03 1009.21 205.39
9984.03 1006.44 203.59
9984.04 1003.86 201.83
9984.04 1001.5 200.1
9984.04 999.357 198.42
9984.04 997.433 196.76
9984.05 995.736 195.14
9984.06 994.269 193.55
9984.07 993.035 191.99
9984.09 992.037 190.46
9984.11 991.276 188.96
9984.14 990.754 187.48
9984.16 990.471 186.02
9984.2 990.426 184.59
9984.24 990.618 183.18
9984.28 991.047 181.79
9984.33 991.709 180.42
9984.38 992.602 179.08
9984.44 993.722 177.75
9984.5 995.065 176.45
9984.56 996.625 175.16
9984.63 998.399 173.9
9984.71 1000.38 172.65
9984.78 1002.56 171.43
9984.86 1004.93 170.22
9984.94 1007.49 169.03
9985.03 1010.23 167.87
9985.11 1013.14 166.72
9985.2 1016.21 165.59
9985.29 1019.44 164.48
9985.38 1022.81 163.39
9985.47 1026.31 162.32
9985.55 1029.94 161.27
9985.64 1033.68 160.24
9985.72 1037.53 159.23
9985.81 1041.48 158.24
9985.88 1045.5 157.27
9985.96 1049.61 156.32
9986.03 1053.77 155.4
9986.1 1058 154.49
9986.16 1062.26 153.61
9986.21 1066.56 152.75
9986.26 1070.87 151.91
9986.3 1075.2 151.1
9986.33 1079.53 150.3
9986.35 1083.85 149.54
9986.36 1088.15 148.79
9986.36 1092.42 148.07
9986.34 1096.65 147.37
9986.31 1100.82 146.7
9986.27 1104.93 146.05
9986.21 1108.97 145.43
9986.14 1112.93 144.84
9986.04 1116.8 144.27
9985.92 1120.55 143.73
9985.78 1124.2 143.21
9985.61 1127.72 142.73
9985.4 1131.1 142.27
9985.17 1134.33 141.85
9984.89 1137.4 141.45
9984.57 1140.29 141.09
9984.2 1143 140.77
9983.76 1145.5 140.48
9983.26 1147.78 140.23
9982.67 1149.81 140.02
9981.98 1151.57 139.85
9981.16 1153.04 139.73
9980.2 1154.17 139.66
9979.05 1154.93 139.65
9977.66 1155.26 139.7
9975.97 1155.07 139.83
9973.85 1154.27 140.04
9971.16 1152.71 140.35
9967.64 1150.16 140.79
9962.84 1146.27 141.38
9955.94 1140.42 142.18
9945.07 1131.34 143.28
9924.61 1115.63 144.94
9817.06 1055.5 149.48
