9989.73 1022.98 268.71
9989.79 1005.38 253.52
9989.75 996.794 247.24
9989.71 989.804 242.42
9989.66 983.711 238.35
9989.6 978.246 234.77
9989.55 973.277 231.52
9989.5 968.726 228.54
9989.44 964.544 225.76
9989.39 960.699 223.15
9989.35 957.17 220.68
9989.3 953.939 218.32
9989.26 950.995 216.07
9989.22 948.33 213.9
9989.19 945.936 211.82
9989.16 943.807 209.8
9989.14 941.94 207.85
9989.12 940.33 205.96
9989.11 938.973 204.11
9989.1 937.867 202.32
9989.1 937.009 200.57
9989.1 936.394 198.86
9989.11 936.021 197.18
9989.12 935.885 195.55
9989.14 935.984 193.94
9989.16 936.314 192.37
9989.19 936.871 190.83
9989.22 937.651 189.32
9989.26 938.649 187.83
9989.31 939.861 186.37
9989.35 941.283 184.94
9989.41 942.909 183.53
9989.46 944.733 182.14
9989.52 946.751 180.78
9989.59 948.956 179.43
9989.66 951.343 178.12
9989.73 953.904 176.82
9989.8 956.634 175.54
9989.88 959.525 174.29
9989.96 962.57 173.05
9990.04 965.763 171.84
9990.12 969.096 170.65
9990.21 972.562 169.48
9990.3 976.153 168.33
9990.38 979.86 167.2
9990.47 983.677 166.09
9990.56 987.595 165
9990.64 991.607 163.93
9990.73 995.703 162.89
9990.82 999.876 161.86
9990.9 1004.12 160.85
9990.99 1008.42 159.87
9991.07 1012.77 158.91
9991.15 1017.17 157.96
9991.23 1021.61 157.04
9991.31 1026.07 156.14
9991.38 1030.55 155.27
9991.45 1035.04 154.41
9991.52 1039.53 153.58
9991.58 1044.02 152.76
9991.64 1048.49 151.97
9991.7 1052.95 151.2
9991.75 1057.37 150.46
9991.8 1061.76 149.73
9991.85 1066.1 149.03
9991.89 1070.39 148.35
9991.92 1074.62 147.7
9991.95 1078.79 147.06
9991.97 1082.88 146.45
9991.99 1086.89 145.87
9992 1090.81 145.3
9992 1094.64 144.76
9992 1098.36 144.25
9991.98 1101.97 143.75
9991.96 1105.47 143.29
9991.93 1108.85 142.85
9991.89 1112.1 142.43
9991.84 1115.21 142.04
9991.77 1118.18 141.67
9991.69 1121.01 141.34
9991.6 1123.67 141.03
9991.48 1126.17 140.75
9991.35 1128.5 140.5
9991.2 1130.65 140.29
9991.02 1132.61 140.11
9990.8 1134.36 139.97
9990.56 1135.91 139.86
9990.27 1137.22 139.8
9989.93 1138.29 139.79
9989.53 1139.08 139.84
9989.06 1139.58 139.94
9988.48 1139.74 140.12
9987.78 1139.51 140.38
9986.92 1138.81 140.74
9985.83 1137.55 141.23
9984.42 1135.56 141.89
9982.51 1132.59 142.76
9979.8 1128.18 143.96
9975.6 1121.41 145.66
9967.82 1109.77 148.39
9928.13 1065.27 157.63
