9989.58 1133.6 276.32
9990.81 1120.57 259.45
9991.18 1113.21 252.48
9991.42 1106.73 247.15
9991.59 1100.71 242.66
9991.71 1094.99 238.71
9991.81 1089.5 235.14
9991.88 1084.2 231.86
9991.93 1079.07 228.81
9991.98 1074.09 225.94
9992.01 1069.26 223.24
9992.03 1064.58 220.67
9992.05 1060.05 218.21
9992.06 1055.67 215.86
9992.06 1051.44 213.6
9992.07 1047.38 211.41
9992.06 1043.49 209.3
9992.06 1039.77 207.26
9992.06 1036.23 205.28
9992.05 1032.88 203.35
9992.04 1029.72 201.47
9992.04 1026.76 199.63
9992.03 1024 197.84
9992.02 1021.46 196.09
9992.02 1019.13 194.38
9992.01 1017.02 192.71
9992.01 1015.14 191.06
9992.01 1013.48 189.45
9992.01 1012.06 187.87
9992.02 1010.88 186.31
9992.03 1009.93 184.78
9992.03 1009.22 183.28
9992.05 1008.76 181.8
9992.06 1008.53 180.35
9992.08 1008.55 178.91
9992.1 1008.8 177.5
9992.13 1009.3 176.11
9992.15 1010.04 174.74
9992.18 1011.01 173.39
9992.22 1012.21 172.06
9992.25 1013.65 170.75
9992.29 1015.31 169.46
9992.33 1017.19 168.19
9992.38 1019.28 166.94
9992.42 1021.58 165.7
9992.47 1024.09 164.49
9992.52 1026.79 163.29
9992.57 1029.69 162.11
9992.62 1032.76 160.95
9992.68 1036.01 159.81
9992.73 1039.43 158.69
9992.79 1043 157.59
9992.84 1046.72 156.51
9992.89 1050.58 155.44
9992.95 1054.57 154.4
9993 1058.68 153.38
9993.05 1062.91 152.37
9993.11 1067.23 151.39
9993.16 1071.64 150.43
9993.2 1076.14 149.49
9993.25 1080.7 148.57
9993.29 1085.32 147.67
9993.33 1089.99 146.79
9993.37 1094.7 145.94
9993.4 1099.44 145.11
9993.43 1104.19 144.3
9993.45 1108.95 143.51
9993.47 1113.7 142.75
9993.48 1118.44 142.01
9993.49 1123.15 141.3
9993.49 1127.82 140.61
9993.49 1132.44 139.95
9993.47 1137 139.31
9993.45 1141.49 138.7
9993.42 1145.9 138.11
9993.38 1150.22 137.56
9993.32 1154.43 137.03
9993.26 1158.53 136.53
9993.18 1162.49 136.06
9993.08 1166.32 135.62
9992.96 1169.99 135.21
9992.83 1173.49 134.84
9992.67 1176.81 134.5
9992.49 1179.93 134.2
9992.27 1182.83 133.94
9992.01 1185.5 133.72
9991.72 1187.9 133.55
9991.36 1190.02 133.42
9990.95 1191.82 133.36
9990.45 1193.27 133.35
9989.85 1194.32 133.41
9989.12 1194.9 133.55
9988.22 1194.94 133.78
9987.09 1194.34 134.13
9985.64 1192.92 134.6
9983.71 1190.48 135.24
9981.05 1186.64 136.1
9977.14 1180.78 137.27
9970.86 1171.6 138.89
9958.63 1155.68 141.38
9889.23 1094.81 148.72
