9610.06 823.448 329.66
9745.82 847.77 312.69
9785.12 854.651 305.35
9810.14 858.639 299.61
9828.28 861.114 294.71
9842.32 862.609 290.34
9853.61 863.396 286.36
9862.94 863.635 282.68
9870.8 863.43 279.22
9877.52 862.851 275.97
9883.35 861.95 272.87
9888.42 860.813 269.92
9892.88 859.512 267.09
9896.82 858.079 264.38
9900.32 856.541 261.77
9903.45 854.922 259.25
9906.26 853.242 256.82
9908.8 851.522 254.46
9911.1 849.777 252.17
9913.18 848.024 249.94
9915.09 846.277 247.78
9916.83 844.55 245.67
9918.42 842.856 243.62
9919.89 841.207 241.61
9921.24 839.612 239.65
9922.49 838.084 237.74
9923.65 836.631 235.86
9924.73 835.263 234.03
9925.74 833.988 232.23
9926.68 832.814 230.46
9927.55 831.747 228.73
9928.38 830.796 227.03
9929.15 829.965 225.37
9929.89 829.26 223.73
9930.58 828.685 222.12
9931.23 828.246 220.53
9931.85 827.945 218.98
9932.44 827.785 217.45
9933 827.769 215.94
9933.53 827.898 214.46
9934.04 828.173 213
9934.52 828.596 211.56
9934.98 829.166 210.14
9935.42 829.882 208.75
9935.84 830.744 207.38
9936.24 831.749 206.03
9936.61 832.896 204.7
9936.97 834.181 203.39
9937.31 835.602 202.1
9937.62 837.154 200.84
9937.92 838.833 199.59
9938.19 840.635 198.36
9938.44 842.555 197.16
9938.66 844.586 195.97
9938.86 846.724 194.8
9939.04 848.961 193.66
9939.18 851.291 192.53
9939.3 853.708 191.43
9939.38 856.203 190.34
9939.43 858.769 189.28
9939.44 861.398 188.23
9939.42 864.082 187.21
9939.35 866.813 186.21
9939.24 869.581 185.23
9939.08 872.378 184.27
9938.87 875.196 183.33
9938.6 878.023 182.42
9938.27 880.852 181.53
9937.87 883.672 180.65
9937.4 886.474 179.81
9936.85 889.247 178.98
9936.22 891.98 178.18
9935.49 894.664 177.39
9934.66 897.286 176.64
9933.71 899.837 175.9
9932.63 902.304 175.19
9931.41 904.675 174.5
9930.04 906.938 173.83
9928.48 909.078 173.19
9926.72 911.082 172.57
9924.74 912.935 171.97
9922.49 914.619 171.4
9919.94 916.118 170.85
9917.04 917.41 170.31
9913.74 918.473 169.81
9909.97 919.281 169.32
9905.62 919.805 168.85
9900.61 920.008 168.39
9894.77 919.849 167.96
9887.92 919.274 167.54
9879.82 918.219 167.12
9870.13 916.6 166.71
9858.38 914.307 166.3
9843.9 911.191 165.87
9825.69 907.041 165.42
9802.18 901.547 164.92
9770.73 894.22 164.32
9726.5 884.214 163.57
9659.07 869.84 162.53
9538.76 846.63 160.93
9006.55 766.266 156.2
