9777.26 758.464 341.52
9819.21 758.455 322.64
9832.49 756.736 314.91
9841.31 754.772 309.02
9847.93 752.706 304.07
9853.2 750.596 299.73
9857.53 748.476 295.82
9861.19 746.367 292.23
9864.33 744.285 288.9
9867.06 742.242 285.78
9869.47 740.25 282.84
9871.61 738.317 280.04
9873.53 736.451 277.37
9875.26 734.661 274.82
9876.83 732.952 272.36
9878.26 731.332 270
9879.58 729.807 267.71
9880.8 728.381 265.49
9881.94 727.06 263.34
9883 725.85 261.25
9884 724.754 259.22
9884.94 723.776 257.24
9885.83 722.921 255.3
9886.68 722.192 253.41
9887.49 721.591 251.56
9888.28 721.122 249.75
9889.03 720.787 247.97
9889.77 720.588 246.23
9890.48 720.527 244.53
9891.18 720.604 242.85
9891.86 720.82 241.2
9892.53 721.176 239.58
9893.19 721.672 237.99
9893.84 722.308 236.43
9894.49 723.082 234.89
9895.12 723.994 233.37
9895.75 725.042 231.88
9896.37 726.225 230.41
9896.99 727.539 228.97
9897.6 728.983 227.55
9898.2 730.553 226.15
9898.79 732.246 224.77
9899.38 734.059 223.41
9899.96 735.986 222.07
9900.53 738.025 220.75
9901.09 740.171 219.46
9901.63 742.418 218.18
9902.17 744.761 216.93
9902.69 747.196 215.7
9903.19 749.716 214.48
9903.68 752.315 213.29
9904.14 754.988 212.12
9904.59 757.728 210.97
9905.01 760.53 209.84
9905.4 763.385 208.73
9905.77 766.288 207.65
9906.11 769.232 206.58
9906.42 772.209 205.54
9906.69 775.214 204.51
9906.92 778.238 203.51
9907.11 781.275 202.53
9907.26 784.317 201.58
9907.36 787.358 200.64
9907.41 790.389 199.73
9907.41 793.405 198.84
9907.35 796.396 197.98
9907.22 799.358 197.14
9907.03 802.281 196.32
9906.76 805.159 195.53
9906.41 807.985 194.76
9905.98 810.751 194.01
9905.45 813.451 193.3
9904.83 816.076 192.6
9904.09 818.621 191.94
9903.23 821.077 191.3
9902.23 823.436 190.69
9901.09 825.692 190.11
9899.78 827.837 189.55
9898.3 829.862 189.03
9896.61 831.758 188.53
9894.7 833.517 188.07
9892.52 835.129 187.65
9890.06 836.581 187.25
9887.27 837.864 186.9
9884.09 838.961 186.58
9880.47 839.857 186.31
9876.33 840.534 186.07
9871.57 840.967 185.89
9866.09 841.129 185.76
9859.71 840.984 185.69
9852.25 840.488 185.69
9843.44 839.581 185.76
9832.9 838.185 185.92
9820.13 836.193 186.19
9804.36 833.45 186.58
9784.42 829.729 187.14
9758.39 824.668 187.92
9722.77 817.636 189.03
9670.24 807.377 190.66
9580.24 790.556 193.41
9208.95 731.111 204.4
