9940.23 941.474 303.07
9946.09 935.872 286.34
9947.97 932.304 279.39
9949.23 929.055 274.05
9950.17 925.977 269.54
9950.91 923.019 265.57
9951.52 920.16 261.97
9952.02 917.39 258.67
9952.45 914.706 255.59
9952.81 912.108 252.69
9953.13 909.598 249.95
9953.41 907.18 247.35
9953.66 904.857 244.86
9953.88 902.635 242.47
9954.08 900.517 240.18
9954.26 898.509 237.96
9954.42 896.616 235.81
9954.58 894.841 233.74
9954.72 893.191 231.72
9954.86 891.669 229.76
9954.99 890.28 227.85
9955.12 889.026 225.99
9955.24 887.913 224.17
9955.37 886.942 222.39
9955.49 886.118 220.66
9955.61 885.441 218.96
9955.74 884.915 217.3
9955.86 884.541 215.67
9955.99 884.321 214.07
9956.12 884.254 212.5
9956.26 884.341 210.97
9956.39 884.583 209.46
9956.53 884.979 207.97
9956.68 885.527 206.52
9956.83 886.227 205.09
9956.98 887.077 203.68
9957.13 888.074 202.3
9957.29 889.215 200.95
9957.45 890.499 199.62
9957.61 891.921 198.31
9957.78 893.477 197.02
9957.94 895.163 195.76
9958.11 896.975 194.52
9958.27 898.908 193.3
9958.44 900.957 192.1
9958.6 903.115 190.93
9958.77 905.378 189.77
9958.93 907.739 188.64
9959.09 910.192 187.53
9959.24 912.73 186.44
9959.39 915.347 185.38
9959.54 918.035 184.33
9959.67 920.787 183.31
9959.8 923.597 182.31
9959.93 926.456 181.33
9960.04 929.356 180.37
9960.14 932.291 179.44
9960.23 935.253 178.52
9960.31 938.233 177.63
9960.38 941.223 176.76
9960.43 944.217 175.91
9960.47 947.205 175.09
9960.49 950.18 174.29
9960.49 953.134 173.51
9960.47 956.058 172.75
9960.43 958.946 172.01
9960.37 961.789 171.3
9960.29 964.58 170.61
9960.17 967.31 169.94
9960.03 969.973 169.29
9959.86 972.56 168.67
9959.65 975.065 168.07
9959.4 977.479 167.5
9959.12 979.796 166.94
9958.79 982.009 166.41
9958.41 984.109 165.9
9957.98 986.091 165.42
9957.48 987.947 164.96
9956.92 989.67 164.53
9956.29 991.252 164.11
9955.57 992.685 163.73
9954.76 993.963 163.37
9953.84 995.076 163.04
9952.79 996.015 162.73
9951.6 996.77 162.45
9950.24 997.33 162.2
9948.68 997.679 161.99
9946.88 997.802 161.81
9944.8 997.678 161.66
9942.37 997.281 161.55
9939.52 996.578 161.49
9936.12 995.522 161.47
9932.02 994.054 161.51
9927.01 992.088 161.61
9920.75 989.496 161.78
9912.73 986.089 162.05
9902.07 981.557 162.43
9887.18 975.35 162.96
9864.56 966.346 163.74
9824.12 951.518 164.95
9637.07 897.133 168.82
