9778.62 775.354 338.48
9818.47 776.301 320.38
9831.53 775.301 312.92
9840.38 773.997 307.21
9847.11 772.55 302.41
9852.52 771.026 298.19
9857.03 769.461 294.38
9860.88 767.878 290.87
9864.21 766.295 287.62
9867.13 764.724 284.57
9869.72 763.176 281.68
9872.04 761.661 278.94
9874.12 760.186 276.32
9876.01 758.759 273.82
9877.74 757.386 271.41
9879.32 756.073 269.09
9880.77 754.827 266.84
9882.11 753.651 264.67
9883.35 752.553 262.56
9884.51 751.535 260.51
9885.6 750.602 258.51
9886.61 749.758 256.57
9887.57 749.008 254.68
9888.47 748.353 252.82
9889.32 747.797 251.01
9890.14 747.343 249.24
9890.91 746.994 247.51
9891.65 746.751 245.81
9892.35 746.616 244.15
9893.03 746.591 242.51
9893.69 746.676 240.91
9894.31 746.873 239.34
9894.92 747.181 237.79
9895.51 747.602 236.27
9896.08 748.134 234.78
9896.63 748.778 233.31
9897.16 749.532 231.87
9897.68 750.395 230.45
9898.18 751.366 229.05
9898.66 752.443 227.68
9899.13 753.623 226.33
9899.58 754.904 225
9900.02 756.283 223.69
9900.44 757.758 222.41
9900.84 759.325 221.14
9901.22 760.98 219.9
9901.59 762.72 218.67
9901.93 764.54 217.47
9902.26 766.436 216.29
9902.56 768.404 215.13
9902.83 770.438 213.99
9903.08 772.534 212.87
9903.3 774.687 211.77
9903.5 776.891 210.69
9903.66 779.14 209.63
9903.79 781.43 208.59
9903.88 783.755 207.58
9903.93 786.107 206.58
9903.94 788.483 205.61
9903.91 790.875 204.65
9903.83 793.278 203.72
9903.69 795.684 202.81
9903.51 798.089 201.92
9903.26 800.485 201.05
9902.95 802.867 200.2
9902.57 805.228 199.38
9902.12 807.561 198.58
9901.58 809.86 197.8
9900.96 812.118 197.04
9900.25 814.33 196.31
9899.43 816.487 195.6
9898.5 818.584 194.92
9897.45 820.614 194.26
9896.27 822.57 193.62
9894.94 824.444 193.01
9893.44 826.229 192.43
9891.77 827.918 191.87
9889.9 829.503 191.34
9887.8 830.975 190.84
9885.46 832.325 190.37
9882.83 833.543 189.92
9879.88 834.619 189.51
9876.58 835.539 189.14
9872.85 836.291 188.79
9868.64 836.858 188.49
9863.88 837.221 188.22
9858.46 837.359 188
9852.26 837.245 187.82
9845.14 836.845 187.69
9836.89 836.119 187.62
9827.26 835.015 187.61
9815.91 833.463 187.67
9802.37 831.374 187.82
9785.99 828.625 188.07
9765.81 825.039 188.44
9740.34 820.357 188.97
9707.17 814.168 189.72
9661.93 805.765 190.79
9595.46 793.737 192.42
9482.37 774.365 195.26
9025.85 707.642 208.69
