9615.32 672.132 351.76
9682.86 673.188 332.62
9704.46 672.192 324.8
9718.9 670.925 318.85
9729.78 669.553 313.86
9738.46 668.143 309.49
9745.64 666.729 305.55
9751.73 665.332 301.94
9756.98 663.969 298.58
9761.57 662.65 295.44
9765.63 661.386 292.48
9769.26 660.183 289.67
9772.53 659.048 286.99
9775.5 657.988 284.42
9778.21 657.008 281.95
9780.7 656.112 279.57
9783 655.304 277.28
9785.15 654.589 275.06
9787.15 653.971 272.9
9789.03 653.451 270.81
9790.8 653.033 268.77
9792.48 652.72 266.78
9794.08 652.513 264.85
9795.61 652.414 262.96
9797.07 652.425 261.11
9798.48 652.547 259.3
9799.84 652.781 257.53
9801.16 653.126 255.8
9802.43 653.584 254.1
9803.68 654.154 252.43
9804.89 654.835 250.8
9806.07 655.626 249.19
9807.23 656.527 247.61
9808.36 657.536 246.06
9809.47 658.651 244.54
9810.55 659.87 243.05
9811.62 661.19 241.58
9812.66 662.609 240.13
9813.68 664.125 238.71
9814.68 665.733 237.32
9815.65 667.43 235.95
9816.6 669.212 234.6
9817.53 671.076 233.27
9818.44 673.017 231.97
9819.31 675.031 230.69
9820.16 677.114 229.43
9820.97 679.259 228.19
9821.76 681.463 226.98
9822.51 683.721 225.78
9823.22 686.027 224.61
9823.89 688.375 223.46
9824.52 690.761 222.33
9825.11 693.179 221.23
9825.65 695.622 220.14
9826.14 698.087 219.08
9826.57 700.565 218.04
9826.95 703.053 217.02
9827.26 705.544 216.02
9827.51 708.032 215.04
9827.69 710.512 214.09
9827.8 712.977 213.15
9827.83 715.423 212.24
9827.77 717.843 211.35
9827.62 720.232 210.48
9827.38 722.584 209.64
9827.04 724.895 208.81
9826.59 727.157 208.01
9826.02 729.367 207.23
9825.32 731.519 206.47
9824.49 733.607 205.74
9823.52 735.628 205.03
9822.39 737.576 204.34
9821.08 739.445 203.67
9819.59 741.232 203.03
9817.9 742.932 202.41
9815.99 744.539 201.82
9813.84 746.049 201.25
9811.42 747.457 200.71
9808.7 748.758 200.19
9805.66 749.946 199.7
9802.25 751.015 199.24
9798.43 751.96 198.8
9794.15 752.772 198.4
9789.34 753.444 198.02
9783.93 753.966 197.68
9777.83 754.326 197.38
9770.93 754.51 197.11
9763.09 754.501 196.89
9754.14 754.276 196.7
9743.87 753.808 196.57
9731.99 753.06 196.5
9718.15 751.984 196.49
9701.83 750.514 196.56
9682.37 748.56 196.72
9658.76 745.991 197
9629.5 742.614 197.42
9592.17 738.118 198.05
9542.48 731.967 198.97
9471.6 723.09 200.4
9355.5 708.654 202.9
8920.84 658.115 213.39
