9978.02 1025.89 286.27
9979.81 1015.22 269.83
9980.36 1009.37 263.02
9980.73 1004.31 257.79
9980.99 999.681 253.38
9981.19 995.346 249.49
9981.34 991.241 245.98
9981.47 987.333 242.75
9981.57 983.602 239.75
9981.65 980.037 236.93
9981.72 976.634 234.27
9981.77 973.389 231.73
9981.82 970.301 229.31
9981.86 967.373 226.99
9981.89 964.605 224.76
9981.92 962.001 222.61
9981.95 959.562 220.53
9981.97 957.291 218.51
9982 955.192 216.56
9982.02 953.266 214.65
9982.04 951.517 212.8
9982.07 949.947 211
9982.09 948.558 209.24
9982.12 947.352 207.52
9982.15 946.33 205.84
9982.18 945.493 204.19
9982.21 944.842 202.58
9982.25 944.378 201
9982.28 944.1 199.46
9982.33 944.007 197.94
9982.37 944.1 196.45
9982.42 944.376 194.99
9982.47 944.834 193.55
9982.53 945.471 192.14
9982.58 946.286 190.76
9982.65 947.274 189.4
9982.71 948.433 188.06
9982.78 949.76 186.74
9982.85 951.249 185.45
9982.92 952.896 184.18
9982.99 954.697 182.94
9983.06 956.647 181.71
9983.14 958.739 180.5
9983.22 960.968 179.32
9983.3 963.329 178.16
9983.38 965.814 177.02
9983.45 968.418 175.9
9983.53 971.133 174.8
9983.61 973.953 173.72
9983.69 976.87 172.67
9983.76 979.877 171.63
9983.83 982.966 170.62
9983.9 986.131 169.63
9983.97 989.362 168.66
9984.03 992.652 167.71
9984.1 995.994 166.78
9984.15 999.379 165.87
9984.2 1002.8 164.99
9984.25 1006.25 164.12
9984.29 1009.71 163.28
9984.32 1013.19 162.46
9984.35 1016.67 161.66
9984.37 1020.14 160.89
9984.38 1023.6 160.14
9984.38 1027.04 159.41
9984.37 1030.45 158.7
9984.35 1033.82 158.02
9984.33 1037.14 157.36
9984.28 1040.41 156.72
9984.23 1043.62 156.11
9984.16 1046.76 155.52
9984.08 1049.82 154.96
9983.97 1052.8 154.42
9983.85 1055.69 153.9
9983.71 1058.47 153.41
9983.55 1061.15 152.94
9983.36 1063.71 152.51
9983.14 1066.15 152.09
9982.9 1068.46 151.71
9982.61 1070.63 151.35
9982.29 1072.65 151.02
9981.93 1074.51 150.73
9981.51 1076.21 150.46
9981.03 1077.73 150.22
9980.49 1079.05 150.02
9979.86 1080.18 149.86
9979.14 1081.09 149.74
9978.31 1081.75 149.65
9977.34 1082.16 149.62
9976.2 1082.28 149.63
9974.85 1082.07 149.69
9973.23 1081.49 149.82
9971.27 1080.47 150.02
9968.84 1078.92 150.31
9965.78 1076.71 150.69
9961.8 1073.65 151.19
9956.45 1069.42 151.84
9948.82 1063.46 152.7
9936.95 1054.66 153.85
9915 1039.95 155.55
9804.51 985.445 160.16
