9871.72 865.885 318.55
9889.25 864.502 301.18
9894.95 862.731 293.98
9898.79 860.889 288.46
9901.69 859.015 283.81
9904 857.132 279.71
9905.92 855.253 276.01
9907.54 853.388 272.61
9908.93 851.549 269.44
9910.15 849.742 266.47
9911.22 847.978 263.67
9912.17 846.262 261
9913.02 844.601 258.45
9913.79 843.004 256.01
9914.49 841.475 253.66
9915.13 840.021 251.4
9915.71 838.647 249.22
9916.25 837.359 247.1
9916.76 836.162 245.05
9917.22 835.06 243.06
9917.66 834.057 241.12
9918.08 833.159 239.23
9918.47 832.367 237.39
9918.85 831.686 235.59
9919.2 831.118 233.84
9919.55 830.665 232.12
9919.88 830.33 230.45
9920.2 830.114 228.8
9920.52 830.019 227.19
9920.82 830.045 225.62
9921.12 830.193 224.07
9921.41 830.463 222.56
9921.7 830.855 221.07
9921.98 831.368 219.61
9922.26 832 218.18
9922.53 832.751 216.77
9922.8 833.618 215.39
9923.07 834.599 214.03
9923.33 835.693 212.7
9923.58 836.895 211.4
9923.83 838.203 210.11
9924.08 839.612 208.85
9924.31 841.12 207.61
9924.54 842.722 206.4
9924.76 844.414 205.21
9924.98 846.191 204.04
9925.18 848.047 202.89
9925.37 849.979 201.76
9925.56 851.98 200.65
9925.72 854.045 199.57
9925.88 856.168 198.51
9926.02 858.343 197.47
9926.14 860.564 196.45
9926.24 862.825 195.45
9926.33 865.12 194.47
9926.39 867.441 193.52
9926.43 869.784 192.58
9926.44 872.14 191.67
9926.43 874.504 190.78
9926.39 876.868 189.91
9926.32 879.227 189.06
9926.22 881.572 188.23
9926.08 883.899 187.42
9925.9 886.199 186.64
9925.68 888.466 185.87
9925.41 890.694 185.13
9925.1 892.876 184.41
9924.74 895.006 183.71
9924.32 897.076 183.03
9923.84 899.081 182.37
9923.3 901.014 181.73
9922.68 902.869 181.11
9921.99 904.639 180.52
9921.21 906.319 179.95
9920.34 907.902 179.4
9919.36 909.381 178.87
9918.27 910.752 178.36
9917.06 912.006 177.87
9915.71 913.137 177.41
9914.2 914.139 176.97
9912.51 915.005 176.56
9910.62 915.725 176.16
9908.51 916.293 175.8
9906.13 916.697 175.45
9903.46 916.928 175.14
9900.43 916.971 174.85
9897 916.811 174.59
9893.08 916.43 174.36
9888.57 915.804 174.16
9883.37 914.903 174
9877.3 913.688 173.87
9870.16 912.107 173.79
9861.64 910.09 173.76
9851.33 907.539 173.78
9838.62 904.314 173.87
9822.55 900.202 174.04
9801.57 894.858 174.31
9772.83 887.684 174.74
9730.28 877.462 175.39
9656.91 860.941 176.49
9346.75 802.347 180.73
