1.00647 1 0
1.22863 1 0
1.78462 1 0
2.79451 1 0
4.34334 1 0
6.49347 1.01668 123.97
9.29085 1.54012 128.24
12.77 2.1926 130.11
16.9577 2.97928 131.36
21.8751 3.90424 132.27
27.5403 4.97089 132.95
33.9686 6.18212 133.47
41.1741 7.54056 133.86
49.1703 9.0486 134.17
57.9695 10.7085 134.39
67.5843 12.5226 134.56
78.0268 14.4928 134.67
89.3097 16.6215 134.74
101.445 18.9108 134.77
114.446 21.3626 134.78
128.325 23.9792 134.75
143.093 26.7627 134.71
158.766 29.7151 134.64
175.353 32.8384 134.56
192.87 36.1347 134.45
211.328 39.606 134.34
230.739 43.254 134.21
251.116 47.0807 134.08
272.472 51.0878 133.93
294.817 55.2769 133.77
318.163 59.6496 133.61
342.522 64.2075 133.43
367.903 68.9517 133.25
394.319 73.8836 133.07
421.777 79.0041 132.88
450.287 84.3142 132.68
479.857 89.8146 132.48
510.496 95.5059 132.27
542.21 101.389 132.06
575.005 107.463 131.84
608.889 113.728 131.62
643.863 120.186 131.4
679.936 126.834 131.17
717.108 133.673 130.94
755.38 140.701 130.71
794.755 147.918 130.47
835.233 155.323 130.23
876.816 162.914 129.99
919.498 170.689 129.74
963.279 178.647 129.5
1008.15 186.785 129.25
1054.12 195.102 128.99
1101.17 203.593 128.74
1149.3 212.258 128.48
1198.49 221.091 128.22
1248.73 230.091 127.96
1300.01 239.252 127.69
1352.31 248.572 127.43
1405.63 258.046 127.16
1459.94 267.67 126.89
1515.22 277.438 126.61
1571.46 287.346 126.34
1628.63 297.389 126.06
1686.72 307.561 125.78
1745.69 317.855 125.5
1805.52 328.268 125.22
1866.19 338.79 124.93
1927.66 349.418 124.64
1989.91 360.143 124.35
2052.9 370.958 124.06
2116.59 381.857 123.77
2180.96 392.831 123.47
2245.96 403.874 123.18
2311.55 414.977 122.88
2377.71 426.133 122.58
2444.38 437.333 122.27
2511.51 448.569 121.97
2579.07 459.832 121.66
2647.02 471.114 121.35
2715.29 482.406 121.04
2783.85 493.7 120.73
2852.64 504.986 120.41
2921.61 516.257 120.1
2990.72 527.502 119.78
3059.9 538.714 119.46
3129.1 549.883 119.14
3198.27 561 118.81
3267.36 572.058 118.49
3336.3 583.047 118.16
3405.04 593.959 117.83
3473.53 604.785 117.5
3541.71 615.518 117.16
3609.52 626.15 116.83
3676.9 636.672 116.49
3743.8 647.077 116.15
3810.17 657.359 115.81
3875.94 667.509 115.47
3941.07 677.52 115.13
4005.48 687.387 114.78
4069.15 697.104 114.43
4132 706.663 114.09
4193.99 716.06 113.74
4255.06 725.288 113.38
4315.17 734.344 113.03
4374.27 743.222 112.68
4432.3 751.917 112.32
4489.23 760.425 111.96
4545.01 768.744 111.6
4599.58 776.867 111.24
4652.93 784.794 110.88
4704.98 792.52 110.52
4755.73 800.042 110.16
4805.11 807.358 109.79
4853.09 814.465 109.42
4899.65 821.362 109.06
4944.73 828.046 108.69
4988.33 834.516 108.32
5030.38 840.769 107.95
5070.9 846.804 107.58
5109.81 852.62 107.21
5147.12 858.216 106.84
5182.77 863.589 106.46
5216.77 868.739 106.09
5249.06 873.665 105.72
5279.65 878.365 105.34
5308.5 882.838 104.96
5335.58 887.084 104.59
5360.9 891.1 104.21
5384.41 894.886 103.83
5406.1 898.44 103.46
5425.96 901.76 103.08
5443.96 904.846 102.7
5460.09 907.695 102.32
5474.32 910.306 101.94
5486.66 912.676 101.56
5497.06 914.804 101.18
5505.53 916.688 100.8
5512.05 918.324 100.42
5516.6 919.711 100.03
5519.17 920.845 99.65
5519.73 921.725 99.27
5518.29 922.345 98.89
5514.82 922.705 98.5
5509.32 922.799 98.12
5501.75 922.625 97.73
5492.13 922.178 97.35
5480.43 921.455 96.96
5466.64 920.452 96.57
5450.75 919.165 96.18
5432.76 917.589 95.79
5412.64 915.72 95.4
5390.4 913.554 95.01
5366.02 911.086 94.62
5339.51 908.311 94.23
5310.84 905.226 93.83
5280.03 901.826 93.43
5247.06 898.106 93.04
5211.95 894.063 92.64
5174.69 889.691 92.24
5135.28 884.988 91.83
5093.73 879.949 91.43
5050.05 874.571 91.02
5004.26 868.85 90.61
4956.36 862.785 90.2
4906.38 856.372 89.79
4854.33 849.609 89.37
4800.25 842.496 88.95
4744.15 835.032 88.53
4686.08 827.215 88.11
4626.06 819.047 87.68
4564.14 810.528 87.25
4500.37 801.661 86.81
4434.79 792.449 86.38
4367.47 782.895 85.93
4298.45 773.003 85.49
4227.81 762.78 85.04
4155.61 752.231 84.59
4081.92 741.365 84.13
4006.83 730.19 83.67
3930.43 718.716 83.2
3852.78 706.954 82.73
3774 694.916 82.25
3694.17 682.615 81.77
3613.39 670.065 81.29
3531.79 657.281 80.79
3449.44 644.28 80.3
3366.48 631.079 79.8
3283 617.697 79.29
3199.14 604.153 78.78
3115 590.466 78.26
3030.7 576.658 77.73
2946.37 562.751 77.2
2862.11 548.765 76.66
2778.06 534.725 76.12
2694.32 520.653 75.57
2611.02 506.573 75.02
2528.27 492.507 74.46
2446.19 478.479 73.89
2364.88 464.514 73.31
2284.44 450.634 72.73
2204.99 436.861 72.15
2126.61 423.22 71.56
2049.4 409.73 70.96
1973.45 396.415 70.35
1898.84 383.294 69.74
1825.65 370.386 69.12
1753.94 357.711 68.5
1683.79 345.285 67.87
1615.24 333.125 67.24
1548.34 321.245 66.6
1483.15 309.657 65.95
1419.7 298.375 65.3
1358.02 287.407 64.65
1298.12 276.761 63.99
1240.04 266.443 63.32
1183.77 256.456 62.65
1129.32 246.803 61.98
1076.7 237.483 61.31
1025.88 228.492 60.63
976.864 219.825 59.95
929.618 211.474 59.27
884.126 203.428 58.58
840.35 195.676 57.9
798.258 188.202 57.21
757.81 180.99 56.53
718.958 174.023 55.85
681.657 167.281 55.17
645.856 160.747 54.48
611.5 154.4 53.81
578.531 148.223 53.13
546.89 142.196 52.45
516.516 136.304 51.78
487.349 130.529 51.11
459.325 124.856 50.44
432.381 119.27 49.77
406.456 113.759 49.1
381.489 108.308 48.43
357.42 102.904 47.75
334.19 97.5335 47.07
311.747 92.1799 46.38
290.04 86.8376 45.68
269.018 81.5047 44.97
248.641 76.1815 44.23
228.869 70.8699 43.48
209.671 65.5739 42.7
191.021 60.2992 41.89
172.898 55.0531 41.03
155.294 49.846 40.13
138.204 44.6894 39.16
121.635 39.5985 38.12
105.605 34.5913 36.99
90.1455 29.6901 35.75
75.3033 24.9222 34.35
61.1457 20.3216 32.74
47.7657 15.9308 30.86
35.299 11.8066 28.56
23.9347 8.02424 25.58
13.9667 4.69559 21.33
5.9077 2.0201 13.71
1.06773 1 0
1 1 0
1 1 0
1 1 0
1 1 0
1 1 0
1 1 0
1 1 0
1 1 0
1 1 0
1 1 0
1 1 0
1 1 0
1 1 0
1 1 0
1 1 0
1 1 0
1 1 0
1 1 0
1 1 0
1 1 0
1 1 0
1 1 0
1 1 0
1 1 0
1 1 0
1 1 0
1 1 0
1 1 0
1 1 0
1 1 0
1 1 0
1 1 0
1 1 0
1 1 0
1 1 0
1 1 0
1 1 0
1 1 0
1 1 0
1 1 0
1 1 0
