1 1 0
1 1 0
1 1 0
1 1 0
1 1 0
1 1 0
1 1 0
1.00004 1 0
1.0878 1 0
1.4459 1 0
2.12481 1 0
3.12879 1 0
4.44817 1 0
6.06951 1 0
7.9793 1.01249 110.8
10.1654 1.32999 115.27
12.6174 1.68614 116.88
15.3267 2.07965 117.94
18.2863 2.50951 118.71
21.4908 2.9749 119.28
24.9361 3.47519 119.7
28.6191 4.00992 120.03
32.5377 4.57878 120.27
36.6907 5.18155 120.44
41.0776 5.81814 120.56
45.6984 6.48853 120.63
50.5538 7.19277 120.67
55.6448 7.931 120.68
60.9728 8.7034 120.65
66.5397 9.51019 120.61
72.3475 10.3516 120.54
78.3985 11.2281 120.46
84.6954 12.1398 120.36
91.2408 13.0871 120.25
98.0377 14.0706 120.12
105.089 15.0904 119.99
112.398 16.1471 119.84
119.968 17.2411 119.69
127.802 18.3727 119.53
135.904 19.5425 119.36
144.278 20.751 119.19
152.926 21.9984 119
161.852 23.2854 118.82
171.06 24.6124 118.63
180.554 25.9798 118.43
190.336 27.388 118.23
200.412 28.8376 118.03
210.784 30.3289 117.82
221.455 31.8624 117.61
232.43 33.4386 117.4
243.712 35.0578 117.19
255.305 36.7204 116.97
267.211 38.4269 116.75
279.434 40.1777 116.52
291.978 41.9731 116.3
304.846 43.8134 116.07
318.041 45.6992 115.84
331.566 47.6305 115.61
345.423 49.6079 115.38
359.617 51.6315 115.15
374.15 53.7018 114.91
389.024 55.8188 114.67
404.243 57.983 114.44
419.808 60.1944 114.2
435.723 62.4534 113.95
451.99 64.7601 113.71
468.61 67.1146 113.47
485.586 69.5172 113.22
502.92 71.9679 112.98
520.614 74.4669 112.73
538.67 77.0142 112.48
557.088 79.6098 112.23
575.872 82.2539 111.98
595.02 84.9463 111.73
614.536 87.6871 111.48
634.419 90.4761 111.23
654.67 93.3133 110.97
675.291 96.1985 110.72
696.281 99.1317 110.46
717.641 102.113 110.2
739.359 105.141 109.94
761.396 108.213 109.68
783.743 111.329 109.42
806.393 114.488 109.16
829.339 117.689 108.9
852.571 120.93 108.63
876.08 124.211 108.37
899.856 127.531 108.1
923.888 130.888 107.83
948.166 134.28 107.57
972.677 137.707 107.29
997.407 141.168 107.02
1022.34 144.659 106.75
1047.47 148.18 106.48
1072.78 151.728 106.2
1098.25 155.303 105.93
1123.87 158.901 105.65
1149.61 162.521 105.37
1175.47 166.161 105.09
1201.41 169.818 104.81
1227.43 173.491 104.52
1253.51 177.176 104.24
1279.61 180.871 103.95
1305.73 184.574 103.66
1331.84 188.283 103.37
1357.92 191.993 103.08
1383.94 195.704 102.79
1409.89 199.411 102.5
1435.74 203.112 102.2
1461.46 206.804 101.9
1487.03 210.484 101.61
1512.42 214.149 101.31
1537.62 217.796 101
1562.59 221.422 100.7
1587.31 225.023 100.4
1611.75 228.597 100.09
1635.89 232.14 99.78
1659.7 235.65 99.47
1683.15 239.122 99.16
1706.21 242.553 98.84
1728.87 245.94 98.53
1751.1 249.281 98.21
1772.86 252.571 97.89
1794.13 255.807 97.57
1814.89 258.987 97.25
1835.11 262.106 96.93
1854.76 265.162 96.6
1873.82 268.152 96.27
1892.27 271.072 95.94
1910.08 273.918 95.61
1927.23 276.689 95.28
1943.69 279.381 94.94
1959.44 281.99 94.61
1974.46 284.515 94.27
1988.73 286.951 93.93
2002.23 289.297 93.58
2014.93 291.548 93.24
2026.83 293.704 92.89
2037.89 295.76 92.54
2048.11 297.715 92.19
2057.46 299.565 91.84
2065.93 301.309 91.49
2073.51 302.943 91.13
2080.19 304.467 90.77
2085.94 305.876 90.41
2090.76 307.171 90.05
2094.64 308.347 89.68
2097.57 309.405 89.32
2099.54 310.341 88.95
2100.54 311.155 88.58
2100.58 311.844 88.2
2099.63 312.407 87.83
2097.71 312.844 87.45
2094.81 313.153 87.07
2090.92 313.333 86.68
2086.05 313.382 86.3
2080.21 313.302 85.91
2073.39 313.09 85.52
2065.59 312.747 85.13
2056.83 312.272 84.73
2047.12 311.666 84.34
2036.45 310.929 83.94
2024.84 310.06 83.53
2012.31 309.061 83.13
1998.86 307.932 82.72
1984.5 306.675 82.31
1969.27 305.289 81.9
1953.16 303.777 81.48
1936.2 302.141 81.06
1918.41 300.381 80.64
1899.8 298.5 80.21
1880.41 296.5 79.79
1860.25 294.383 79.36
1839.34 292.153 78.92
1817.72 289.811 78.48
1795.4 287.361 78.04
1772.42 284.807 77.6
1748.81 282.151 77.16
1724.59 279.397 76.71
1699.79 276.55 76.25
1674.44 273.613 75.8
1648.58 270.591 75.34
1622.23 267.487 74.87
1595.44 264.307 74.41
1568.23 261.056 73.94
1540.64 257.739 73.47
1512.7 254.36 72.99
1484.44 250.924 72.51
1455.91 247.438 72.03
1427.13 243.907 71.54
1398.14 240.336 71.05
1368.97 236.73 70.55
1339.67 233.096 70.06
1310.26 229.439 69.56
1280.78 225.764 69.05
1251.25 222.076 68.54
1221.73 218.382 68.03
1192.23 214.687 67.52
1162.79 210.994 67
1133.44 207.31 66.48
1104.22 203.638 65.96
1075.14 199.983 65.43
1046.24 196.347 64.9
1017.55 192.735 64.36
989.088 189.148 63.83
960.886 185.59 63.29
932.966 182.06 62.75
905.35 178.561 62.2
878.06 175.091 61.66
851.115 171.652 61.11
824.534 168.24 60.56
798.335 164.856 60.01
772.531 161.496 59.45
747.139 158.158 58.9
722.169 154.841 58.34
697.634 151.539 57.79
673.542 148.252 57.23
649.901 144.975 56.67
626.718 141.706 56.12
603.996 138.442 55.56
581.74 135.18 55
559.951 131.917 54.45
538.628 128.653 53.89
517.771 125.384 53.34
497.376 122.109 52.79
477.44 118.825 52.23
457.956 115.533 51.68
438.919 112.231 51.13
420.319 108.917 50.59
402.148 105.592 50.04
384.396 102.254 49.49
367.051 98.9025 48.94
350.103 95.538 48.39
333.538 92.1597 47.84
317.345 88.7675 47.29
301.51 85.361 46.73
286.022 81.94 46.17
270.867 78.5043 45.61
256.033 75.0537 45.03
241.51 71.5876 44.45
227.287 68.106 43.85
213.355 64.6085 43.25
199.706 61.095 42.62
186.335 57.5656 41.98
173.237 54.0208 41.32
160.412 50.4632 40.64
147.863 46.9005 39.92
135.594 43.3416 39.17
123.614 39.7958 38.39
111.928 36.2729 37.56
100.547 32.7831 36.67
89.4808 29.3369 35.73
78.7416 25.9454 34.7
68.3434 22.6201 33.58
58.3021 19.3728 32.33
48.6352 16.216 30.93
39.3624 13.1627 29.29
30.5059 10.2265 27.33
22.0901 7.42205 24.84
14.1432 4.76639 21.3
6.69305 2.28685 14.82
2.02779 1 0
1.95693 1 0
1.88176 1 0
1.80127 1 0
1.71388 1 0
1.61691 1 0
1.50513 1 0
1.36559 1 0
1.12483 1 0
1 1 0
1 1 0
1 1 0
1 1 0
1 1 0
1 1 0
1 1 0
1 1 0
1 1 0
1 1 0
1 1 0
1 1 0
1 1 0
1 1 0
1 1 0
1 1 0
1 1 0
1 1 0
1 1 0
1 1 0
1 1 0
1 1 0
1 1 0
1 1 0
1 1 0
1 1 0
1 1 0
1 1 0
1 1 0
1 1 0
1 1 0
