7.51039 1.20363 139.38
13.6 2.33099 139.1
17.7022 3.09049 138.58
21.7667 3.84296 138.1
25.9637 4.61993 137.67
30.3598 5.43364 137.25
34.991 6.29077 136.86
39.8817 7.19576 136.48
45.05 8.15195 136.12
50.5111 9.16213 135.76
56.2789 10.2288 135.41
62.3653 11.3541 135.07
68.7828 12.5403 134.74
75.5425 13.7894 134.42
82.6555 15.1034 134.1
90.1332 16.4844 133.78
97.9865 17.9342 133.47
106.226 19.4549 133.16
114.865 21.0485 132.85
123.911 22.7167 132.55
133.378 24.4617 132.26
143.275 26.2853 131.96
153.614 28.1894 131.67
164.407 30.1762 131.38
175.664 32.2473 131.09
187.398 34.4049 130.8
199.618 36.6508 130.52
212.336 38.9869 130.23
225.564 41.4151 129.95
239.313 43.9374 129.67
253.594 46.5555 129.4
268.418 49.2714 129.12
283.796 52.0868 128.84
299.74 55.0037 128.57
316.261 58.0237 128.29
333.368 61.1485 128.02
351.075 64.38 127.75
369.39 67.7197 127.48
388.324 71.1693 127.21
407.888 74.7304 126.94
428.094 78.4045 126.67
448.948 82.1931 126.4
470.465 86.0976 126.13
492.651 90.1193 125.86
515.516 94.2597 125.59
539.069 98.5198 125.33
563.32 102.901 125.06
588.278 107.404 124.79
613.949 112.03 124.52
640.342 116.78 124.26
667.466 121.655 123.99
695.325 126.655 123.72
723.929 131.782 123.45
753.283 137.035 123.18
783.392 142.415 122.92
814.266 147.922 122.65
845.904 153.558 122.38
878.316 159.321 122.11
911.503 165.211 121.84
945.468 171.23 121.57
980.215 177.375 121.3
1015.75 183.648 121.03
1052.07 190.047 120.76
1089.17 196.572 120.49
1127.07 203.222 120.22
1165.76 209.997 119.95
1205.23 216.894 119.67
1245.5 223.914 119.4
1286.55 231.054 119.12
1328.38 238.313 118.85
1371 245.691 118.57
1414.39 253.184 118.3
1458.55 260.792 118.02
1503.48 268.511 117.74
1549.18 276.341 117.46
1595.64 284.279 117.18
1642.85 292.322 116.9
1690.79 300.468 116.62
1739.47 308.715 116.33
1788.88 317.059 116.05
1839 325.498 115.77
1889.84 334.029 115.48
1941.36 342.648 115.19
1993.57 351.353 114.9
2046.45 360.139 114.62
2100 369.005 114.33
2154.19 377.945 114.03
2209.01 386.957 113.74
2264.45 396.037 113.45
2320.5 405.181 113.15
2377 414.369 112.86
2433.81 423.58 112.56
2490.87 432.805 112.26
2548.14 442.036 111.96
2605.56 451.267 111.66
2663.08 460.487 111.35
2720.65 469.689 111.05
2778.21 478.865 110.74
2835.71 488.006 110.43
2893.09 497.104 110.12
2950.3 506.15 109.81
3007.27 515.137 109.49
3063.94 524.055 109.17
3120.26 532.896 108.85
3176.17 541.653 108.53
3231.61 550.318 108.21
3286.51 558.882 107.89
3340.83 567.339 107.56
3394.5 575.68 107.23
3447.45 583.898 106.9
3499.65 591.986 106.57
3551.01 599.938 106.24
3601.51 607.747 105.91
3651.06 615.407 105.57
3699.63 622.91 105.23
3747.16 630.252 104.89
3793.59 637.427 104.55
3838.87 644.429 104.21
3882.97 651.253 103.86
3925.81 657.894 103.52
3967.37 664.348 103.17
4007.59 670.609 102.82
4046.44 676.674 102.47
4083.86 682.538 102.12
4119.82 688.197 101.76
4154.28 693.648 101.41
4187.19 698.887 101.05
4218.54 703.91 100.69
4248.27 708.714 100.33
4276.36 713.296 99.97
4302.77 717.652 99.61
4327.48 721.78 99.25
4350.45 725.677 98.88
4371.66 729.338 98.51
4391.08 732.763 98.15
4408.68 735.947 97.78
4424.45 738.888 97.41
4438.36 741.583 97.04
4450.39 744.03 96.66
4460.53 746.224 96.29
4468.75 748.165 95.92
4475.04 749.849 95.54
4479.38 751.272 95.16
4481.76 752.433 94.78
4482.16 753.329 94.4
4480.59 753.956 94.02
4477.01 754.311 93.63
4471.44 754.393 93.25
4463.85 754.198 92.86
4454.26 753.723 92.48
4442.64 752.966 92.09
4429.01 751.923 91.69
4413.35 750.593 91.3
4395.68 748.973 90.91
4375.99 747.06 90.51
4354.3 744.852 90.11
4330.6 742.347 89.71
4304.91 739.544 89.31
4277.24 736.439 88.9
4247.6 733.032 88.5
4216.01 729.322 88.09
4182.5 725.307 87.67
4147.07 720.987 87.26
4109.76 716.363 86.84
4070.59 711.433 86.42
4029.6 706.198 86
3986.81 700.661 85.58
3942.26 694.821 85.15
3896 688.682 84.72
3848.06 682.246 84.29
3798.49 675.517 83.85
3747.33 668.498 83.41
3694.65 661.194 82.96
3640.51 653.61 82.52
3584.93 645.752 82.06
3528.02 637.628 81.61
3469.82 629.244 81.15
3410.41 620.61 80.69
3349.84 611.733 80.22
3288.22 602.624 79.75
3225.59 593.294 79.27
3162.06 583.754 78.79
3097.69 574.016 78.31
3032.57 564.093 77.82
2966.81 553.999 77.33
2900.46 543.748 76.83
2833.64 533.355 76.32
2766.43 522.836 75.82
2698.92 512.207 75.3
2631.21 501.486 74.78
2563.38 490.688 74.26
2495.54 479.832 73.73
2427.76 468.936 73.2
2360.14 458.018 72.66
2292.78 447.096 72.12
2225.76 436.189 71.57
2159.17 425.315 71.02
2093.09 414.492 70.46
2027.6 403.739 69.89
1962.78 393.073 69.32
1898.71 382.512 68.75
1835.47 372.071 68.17
1773.1 361.767 67.59
1711.69 351.614 67
1651.29 341.627 66.41
1591.96 331.818 65.81
1533.74 322.199 65.21
1476.69 312.779 64.61
1420.84 303.565 64
1366.23 294.565 63.39
1312.88 285.782 62.78
1260.84 277.218 62.16
1210.1 268.873 61.54
1160.69 260.743 60.92
1112.61 252.824 60.3
1065.87 245.107 59.68
1020.46 237.585 59.06
976.374 230.244 58.43
933.601 223.072 57.81
892.12 216.056 57.19
851.908 209.18 56.57
812.939 202.428 55.95
775.177 195.787 55.33
738.586 189.239 54.72
703.129 182.77 54.1
668.759 176.366 53.49
635.431 170.012 52.88
603.098 163.695 52.27
571.711 157.401 51.65
541.214 151.117 51.04
511.559 144.83 50.42
482.693 138.525 49.8
454.567 132.184 49.18
427.134 125.792 48.54
400.346 119.346 47.9
374.163 112.845 47.24
348.547 106.288 46.56
323.466 99.68 45.87
298.893 93.0256 45.15
274.812 86.3331 44.4
251.21 79.6129 43.62
228.086 72.8783 42.79
205.45 66.1463 41.91
183.323 59.4379 40.97
161.737 52.7777 39.96
140.74 46.1954 38.86
120.397 39.726 37.63
100.792 33.4119 36.26
82.0349 27.3036 34.7
64.2711 21.4639 32.86
47.689 15.9701 30.63
32.5541 10.9253 27.78
19.2484 6.47283 23.78
8.40356 2.84732 16.96
1.44373 1 0
1 1 0
1 1 0
1 1 0
1 1 0
1 1 0
1 1 0
1 1 0
1 1 0
1 1 0
1 1 0
1 1 0
1 1 0
1 1 0
1 1 0
1 1 0
1 1 0
1 1 0
1 1 0
1 1 0
1 1 0
1 1 0
1 1 0
1 1 0
1 1 0
1 1 0
1 1 0
1 1 0
1 1 0
1 1 0
1 1 0
1 1 0
1 1 0
1 1 0
1 1 0
1 1 0
1 1 0
1 1 0
1 1 0
1 1 0
1 1 0
1 1 0
1 1 0
1 1 0
1 1 0
1 1 0
1 1 0
