1.56627 1 0
3.36743 1 0
5.14529 1 0
7.23715 1.11143 128.4
9.66388 1.54447 130.53
12.4324 2.0386 131.5
15.5467 2.59447 132.07
19.0097 3.21261 132.43
22.8245 3.89353 132.66
26.9944 4.63782 132.8
31.5231 5.44609 132.86
36.415 6.31905 132.88
41.6744 7.25749 132.85
47.3064 8.26226 132.79
53.3166 9.33426 132.7
59.7104 10.4745 132.59
66.4942 11.684 132.46
73.6744 12.9638 132.32
81.2574 14.3151 132.17
89.2506 15.739 132
97.6608 17.2367 131.82
106.496 18.8096 131.63
115.763 20.4587 131.44
125.469 22.1854 131.24
135.623 23.9911 131.04
146.233 25.8769 130.83
157.306 27.8443 130.61
168.851 29.8946 130.39
180.876 32.029 130.17
193.389 34.2489 129.95
206.398 36.5556 129.72
219.913 38.9505 129.49
233.94 41.4348 129.25
248.487 44.0098 129.02
263.564 46.6768 128.78
279.179 49.437 128.54
295.338 52.2916 128.3
312.05 55.2418 128.06
329.324 58.2889 127.82
347.166 61.4338 127.57
365.585 64.6777 127.32
384.587 68.0217 127.08
404.179 71.4667 126.83
424.369 75.0136 126.58
445.163 78.6634 126.33
466.57 82.417 126.07
488.593 86.2751 125.82
511.239 90.2384 125.57
534.514 94.3076 125.31
558.426 98.4834 125.06
582.976 102.766 124.8
608.172 107.157 124.54
634.017 111.655 124.29
660.516 116.262 124.03
687.673 120.977 123.77
715.491 125.801 123.51
743.974 130.733 123.24
773.124 135.775 122.98
802.945 140.925 122.72
833.437 146.184 122.45
864.603 151.551 122.19
896.444 157.026 121.92
928.96 162.608 121.66
962.152 168.298 121.39
996.018 174.094 121.12
1030.56 179.996 120.85
1065.78 186.003 120.58
1101.67 192.113 120.31
1138.23 198.327 120.04
1175.45 204.643 119.76
1213.35 211.059 119.49
1251.9 217.575 119.22
1291.11 224.189 118.94
1330.98 230.899 118.66
1371.49 237.705 118.39
1412.65 244.604 118.11
1454.44 251.594 117.83
1496.87 258.675 117.55
1539.91 265.843 117.27
1583.58 273.097 116.98
1627.85 280.435 116.7
1672.72 287.855 116.41
1718.19 295.354 116.13
1764.23 302.93 115.84
1810.85 310.58 115.55
1858.04 318.303 115.26
1905.77 326.095 114.97
1954.05 333.954 114.68
2002.85 341.878 114.39
2052.18 349.863 114.1
2102.01 357.907 113.8
2152.34 366.007 113.51
2203.15 374.16 113.21
2254.43 382.364 112.91
2306.17 390.614 112.61
2358.35 398.909 112.31
2410.9 407.238 112.01
2463.53 415.561 111.71
2516.16 423.866 111.4
2568.73 432.145 111.1
2621.19 440.39 110.79
2673.5 448.594 110.48
2725.58 456.748 110.17
2777.38 464.845 109.85
2828.86 472.876 109.53
2879.96 480.835 109.22
2930.61 488.712 108.9
2980.77 496.501 108.58
3030.37 504.194 108.25
3079.37 511.784 107.93
3127.7 519.264 107.6
3175.32 526.626 107.27
3222.16 533.864 106.94
3268.18 540.971 106.61
3313.32 547.941 106.27
3357.53 554.766 105.94
3400.77 561.442 105.6
3442.97 567.963 105.26
3484.1 574.322 104.92
3524.1 580.514 104.57
3562.94 586.534 104.23
3600.56 592.377 103.88
3636.93 598.038 103.53
3672 603.513 103.18
3705.73 608.796 102.83
3738.09 613.884 102.48
3769.03 618.772 102.12
3798.53 623.457 101.77
3826.54 627.935 101.41
3853.03 632.201 101.05
3877.97 636.253 100.69
3901.35 640.087 100.33
3923.11 643.699 99.96
3943.25 647.088 99.6
3961.73 650.249 99.23
3978.53 653.179 98.86
3993.62 655.877 98.49
4007 658.338 98.12
4018.62 660.56 97.75
4028.49 662.542 97.38
4036.58 664.279 97
4042.88 665.769 96.63
4047.37 667.011 96.25
4050.05 668.002 95.87
4050.89 668.739 95.49
4049.89 669.221 95.1
4047.06 669.444 94.72
4042.37 669.408 94.33
4035.82 669.11 93.94
4027.41 668.549 93.55
4017.15 667.721 93.16
4005.03 666.627 92.77
3991.04 665.264 92.38
3975.21 663.631 91.98
3957.53 661.727 91.58
3938.01 659.551 91.18
3916.66 657.101 90.78
3893.48 654.378 90.37
3868.52 651.381 89.96
3841.76 648.11 89.55
3813.23 644.565 89.14
3782.96 640.746 88.73
3750.96 636.654 88.31
3717.26 632.291 87.89
3681.89 627.658 87.47
3644.88 622.756 87.05
3606.27 617.588 86.62
3566.08 612.157 86.19
3524.36 606.466 85.75
3481.15 600.519 85.32
3436.5 594.319 84.88
3390.45 587.872 84.43
3343.04 581.182 83.99
3294.34 574.255 83.54
3244.39 567.099 83.08
3193.26 559.718 82.63
3141.01 552.122 82.17
3087.69 544.318 81.7
3033.37 536.314 81.23
2978.12 528.12 80.76
2922.02 519.746 80.28
2865.12 511.201 79.8
2807.5 502.497 79.32
2749.25 493.645 78.83
2690.42 484.657 78.33
2631.11 475.545 77.83
2571.38 466.322 77.33
2511.32 457.001 76.82
2451.01 447.595 76.31
2390.53 438.119 75.79
2329.94 428.587 75.27
2269.35 419.014 74.74
2208.82 409.413 74.21
2148.43 399.799 73.67
2088.26 390.189 73.13
2028.38 380.595 72.58
1968.86 371.034 72.03
1909.79 361.52 71.47
1851.22 352.067 70.91
1793.23 342.69 70.34
1735.88 333.403 69.77
1679.23 324.22 69.19
1623.34 315.153 68.61
1568.26 306.215 68.02
1514.05 297.419 67.43
1460.76 288.775 66.83
1408.42 280.294 66.23
1357.09 271.985 65.62
1306.8 263.856 65.01
1257.58 255.914 64.4
1209.46 248.166 63.78
1162.46 240.615 63.16
1116.62 233.263 62.54
1071.94 226.113 61.91
1028.43 219.163 61.28
986.118 212.41 60.65
944.995 205.849 60.02
905.068 199.475 59.39
866.329 193.278 58.75
828.778 187.251 58.12
792.401 181.381 57.48
757.185 175.657 56.85
723.114 170.068 56.21
690.166 164.601 55.58
658.318 159.245 54.95
627.544 153.987 54.32
597.813 148.818 53.7
569.093 143.726 53.08
541.349 138.702 52.46
514.543 133.738 51.84
488.639 128.826 51.22
463.592 123.959 50.61
439.362 119.13 50
415.905 114.333 49.39
393.179 109.561 48.78
371.14 104.809 48.16
349.744 100.072 47.55
328.951 95.3417 46.92
308.721 90.613 46.29
289.018 85.8777 45.65
269.806 81.1253 44.99
251.06 76.3445 44.32
232.751 71.5368 43.63
214.863 66.708 42.91
197.388 61.8668 42.17
180.323 57.023 41.38
163.669 52.1878 40.56
147.428 47.373 39.69
131.61 42.5923 38.76
116.228 37.8606 37.75
101.303 33.1954 36.66
86.8651 28.6166 35.45
72.9556 24.1481 34.09
59.6284 19.818 32.54
46.9615 15.6623 30.72
35.066 11.7283 28.5
24.1078 8.08204 25.63
14.3522 4.82467 21.54
6.28651 2.1441 14.32
1.16937 1 0
1 1 0
1 1 0
1 1 0
1 1 0
1 1 0
1 1 0
1 1 0
1 1 0
1 1 0
1 1 0
1 1 0
1 1 0
1 1 0
1 1 0
1 1 0
1 1 0
1 1 0
1 1 0
1 1 0
1 1 0
1 1 0
1 1 0
1 1 0
1 1 0
1 1 0
1 1 0
1 1 0
1 1 0
1 1 0
1 1 0
1 1 0
1 1 0
1 1 0
1 1 0
1 1 0
1 1 0
1 1 0
1 1 0
1 1 0
1 1 0
1 1 0
