1 1 0
1 1 0
1 1 0
1 1 0
1 1 0
1 1 0
1 1 0
1 1 0
1 1 0
1 1 0
1 1 0
1 1 0
1 1 0
1 1 0
1 1 0
1 1 0
1 1 0
1 1 0
1 1 0
1.4544 1 0
3.44513 1 0
6.63457 1.0471 107.13
10.8361 1.82911 112.95
15.9383 2.77895 115.73
21.8659 3.88248 117.6
28.5649 5.12947 118.95
35.9953 6.51235 119.97
44.1267 8.02535 120.76
52.9362 9.66405 121.38
62.4065 11.4251 121.86
72.5242 13.3058 122.25
83.2795 15.3042 122.55
94.6652 17.4188 122.79
106.677 19.6485 122.97
119.31 21.9925 123.1
132.564 24.4503 123.19
146.438 27.0216 123.24
160.932 29.7062 123.27
176.048 32.5041 123.27
191.786 35.4154 123.25
208.151 38.4403 123.21
225.143 41.5791 123.15
242.767 44.832 123.07
261.026 48.1995 122.98
279.923 51.6818 122.88
299.462 55.2793 122.76
319.646 58.9924 122.64
340.48 62.8215 122.5
361.967 66.7669 122.36
384.111 70.8288 122.21
406.915 75.0077 122.05
430.384 79.3037 121.88
454.519 83.7171 121.71
479.325 88.248 121.53
504.803 92.8964 121.34
530.958 97.6624 121.16
557.789 102.546 120.96
585.3 107.547 120.76
613.491 112.664 120.56
642.367 117.899 120.35
671.925 123.25 120.14
702.167 128.718 119.93
733.092 134.301 119.71
764.702 139.998 119.49
796.996 145.811 119.27
829.972 151.736 119.04
863.629 157.774 118.81
897.965 163.924 118.58
932.979 170.184 118.35
968.666 176.554 118.11
1005.02 183.032 117.87
1042.05 189.616 117.63
1079.74 196.306 117.38
1118.09 203.1 117.14
1157.09 209.995 116.89
1196.74 216.992 116.64
1237.03 224.086 116.39
1277.95 231.278 116.13
1319.51 238.564 115.88
1361.69 245.943 115.62
1404.48 253.412 115.36
1447.87 260.969 115.09
1491.86 268.612 114.83
1536.44 276.339 114.57
1581.6 284.146 114.3
1627.32 292.032 114.03
1673.6 299.993 113.76
1720.43 308.028 113.48
1767.79 316.132 113.21
1815.68 324.304 112.93
1864.08 332.54 112.66
1912.98 340.838 112.38
1962.36 349.194 112.1
2012.22 357.606 111.82
2062.54 366.07 111.53
2113.31 374.584 111.25
2164.52 383.144 110.96
2216.14 391.747 110.67
2268.14 400.386 110.38
2320.29 409.028 110.09
2372.5 417.66 109.8
2424.73 426.275 109.5
2476.93 434.864 109.2
2529.03 443.419 108.9
2580.99 451.932 108.6
2632.76 460.394 108.3
2684.27 468.798 107.99
2735.48 477.134 107.68
2786.31 485.395 107.37
2836.72 493.572 107.06
2886.65 501.657 106.74
2936.04 509.643 106.43
2984.83 517.52 106.11
3032.97 525.281 105.79
3080.39 532.919 105.47
3127.04 540.425 105.14
3172.88 547.793 104.81
3217.82 555.016 104.49
3261.84 562.085 104.15
3304.86 568.995 103.82
3346.84 575.739 103.49
3387.73 582.311 103.15
3427.47 588.703 102.81
3466.02 594.911 102.47
3503.33 600.929 102.13
3539.35 606.75 101.78
3574.04 612.37 101.44
3607.35 617.784 101.09
3639.24 622.986 100.74
3669.68 627.972 100.39
3698.61 632.738 100.04
3726.01 637.278 99.68
3751.84 641.59 99.32
3776.06 645.668 98.97
3798.64 649.508 98.61
3819.55 653.108 98.24
3838.77 656.463 97.88
3856.26 659.57 97.51
3872 662.426 97.15
3885.96 665.027 96.78
3898.13 667.371 96.41
3908.48 669.453 96.04
3916.99 671.272 95.66
3923.65 672.824 95.29
3928.43 674.107 94.91
3931.34 675.118 94.53
3932.35 675.855 94.15
3931.45 676.315 93.76
3928.63 676.495 93.38
3923.89 676.395 92.99
3917.23 676.01 92.6
3908.64 675.341 92.21
3898.11 674.384 91.82
3885.66 673.138 91.43
3871.28 671.601 91.03
3854.98 669.773 90.63
3836.75 667.653 90.23
3816.64 665.238 89.82
3794.63 662.53 89.42
3770.74 659.526 89.01
3744.98 656.228 88.6
3717.38 652.636 88.18
3687.98 648.749 87.77
3656.77 644.57 87.35
3623.79 640.099 86.93
3589.07 635.337 86.5
3552.64 630.288 86.08
3514.55 624.954 85.64
3474.82 619.338 85.21
3433.5 613.443 84.77
3390.64 607.273 84.33
3346.28 600.835 83.89
3300.47 594.131 83.44
3253.26 587.169 82.99
3204.71 579.956 82.54
3154.89 572.497 82.08
3103.84 564.801 81.61
3051.64 556.877 81.15
2998.36 548.733 80.68
2944.06 540.378 80.2
2888.81 531.824 79.72
2832.7 523.081 79.24
2775.78 514.161 78.75
2718.15 505.075 78.26
2659.89 495.837 77.76
2601.07 486.46 77.26
2541.77 476.957 76.75
2482.09 467.343 76.24
2422.09 457.633 75.72
2361.88 447.842 75.2
2301.53 437.984 74.67
2241.12 428.077 74.14
2180.74 418.135 73.61
2120.47 408.175 73.06
2060.39 398.213 72.52
2000.59 388.266 71.96
1941.14 378.349 71.41
1882.11 368.479 70.84
1823.59 358.672 70.28
1765.63 348.943 69.7
1708.32 339.308 69.13
1651.72 329.782 68.54
1595.88 320.378 67.95
1540.87 311.111 67.36
1486.74 301.992 66.76
1433.54 293.035 66.16
1381.32 284.25 65.56
1330.12 275.646 64.94
1279.99 267.233 64.33
1230.94 259.017 63.71
1183.02 251.005 63.09
1136.25 243.199 62.46
1090.64 235.603 61.84
1046.22 228.217 61.21
1002.99 221.038 60.57
960.961 214.063 59.94
920.136 207.287 59.3
880.512 200.702 58.67
842.081 194.299 58.03
804.831 188.067 57.39
768.748 181.995 56.75
733.815 176.068 56.12
700.006 170.275 55.48
667.3 164.601 54.85
635.662 159.033 54.22
605.062 153.558 53.59
575.465 148.164 52.96
546.835 142.838 52.33
519.132 137.57 51.71
492.316 132.349 51.08
466.343 127.166 50.46
441.172 122.01 49.84
416.761 116.874 49.21
393.068 111.749 48.58
370.05 106.626 47.95
347.668 101.496 47.31
325.884 96.3461 46.66
304.663 91.1669 46
283.972 85.9584 45.32
263.781 80.7234 44.63
244.068 75.4658 43.92
224.811 70.1914 43.18
205.996 64.9075 42.41
187.615 59.6233 41.6
169.664 54.3497 40.75
152.151 49.1003 39.85
135.085 43.89 38.87
118.494 38.7386 37.82
102.407 33.6672 36.66
86.8702 28.7024 35.37
71.9479 23.8762 33.92
57.72 19.2265 32.24
44.2997 14.8021 30.23
31.8459 10.6675 27.73
20.5908 6.9123 24.38
10.9138 3.67887 19.27
3.54616 1.27733 7.97
1 1 0
1 1 0
1 1 0
1 1 0
1 1 0
1 1 0
1 1 0
1 1 0
1 1 0
1 1 0
1 1 0
1 1 0
1 1 0
1 1 0
1 1 0
1 1 0
1 1 0
1 1 0
1 1 0
1 1 0
1 1 0
1 1 0
1 1 0
1 1 0
1 1 0
1 1 0
1 1 0
1 1 0
1 1 0
1 1 0
1 1 0
1 1 0
1 1 0
1 1 0
1 1 0
1 1 0
1 1 0
1 1 0
1 1 0
1 1 0
1 1 0
1 1 0
1 1 0
1 1 0
