1.00001 1 0
1.01353 1 0
1.11851 1 0
1.43573 1 0
2.07971 1 0
3.14165 1 0
4.6896 1 0
6.77323 1 0
9.4289 1.36378 130.85
12.6837 1.89055 133.19
16.5583 2.51763 134.62
21.0693 3.24766 135.65
26.2304 4.08282 136.41
32.0539 5.02503 137
38.5506 6.07603 137.45
45.7311 7.23743 137.81
53.6056 8.51082 138.08
62.1843 9.89778 138.28
71.4776 11.3999 138.43
81.4959 13.0187 138.53
92.2498 14.7559 138.6
103.75 16.613 138.63
116.009 18.5919 138.63
129.036 20.6941 138.61
142.845 22.9213 138.57
157.445 25.2754 138.5
172.85 27.758 138.42
189.071 30.3708 138.33
206.121 33.1156 138.22
224.01 35.9941 138.1
242.752 39.008 137.97
262.357 42.1589 137.83
282.838 45.4484 137.68
304.206 48.8782 137.52
326.473 52.4497 137.36
349.649 56.1644 137.19
373.746 60.0238 137.01
398.773 64.029 136.82
424.742 68.1814 136.63
451.661 72.4821 136.44
479.54 76.9322 136.24
508.387 81.5325 136.04
538.211 86.2841 135.83
569.019 91.1875 135.62
600.818 96.2434 135.4
633.616 101.452 135.18
667.416 106.815 134.96
702.225 112.331 134.73
738.046 118 134.51
774.883 123.823 134.27
812.739 129.8 134.04
851.616 135.929 133.8
891.513 142.211 133.56
932.432 148.645 133.32
974.372 155.229 133.07
1017.33 161.963 132.83
1061.31 168.846 132.58
1106.29 175.877 132.32
1152.29 183.052 132.07
1199.29 190.372 131.81
1247.28 197.834 131.55
1296.26 205.435 131.29
1346.22 213.174 131.03
1397.15 221.049 130.76
1449.04 229.056 130.5
1501.87 237.192 130.23
1555.64 245.456 129.95
1610.33 253.843 129.68
1665.93 262.35 129.4
1722.41 270.974 129.13
1779.77 279.711 128.84
1837.98 288.558 128.56
1897.03 297.51 128.28
1956.9 306.564 127.99
2017.56 315.715 127.7
2079 324.958 127.41
2141.19 334.29 127.12
2204.11 343.706 126.83
2267.74 353.202 126.53
2332.05 362.771 126.24
2397.01 372.41 125.94
2462.61 382.114 125.63
2528.81 391.878 125.33
2595.54 401.689 125.02
2662.61 411.525 124.72
2729.96 421.376 124.41
2797.55 431.235 124.1
2865.3 441.093 123.78
2933.18 450.942 123.46
3001.11 460.773 123.15
3069.04 470.578 122.83
3136.91 480.348 122.5
3204.67 490.076 122.18
3272.24 499.753 121.85
3339.58 509.371 121.52
3406.63 518.921 121.19
3473.31 528.397 120.86
3539.58 537.79 120.52
3605.38 547.093 120.18
3670.64 556.299 119.85
3735.31 565.4 119.5
3799.34 574.39 119.16
3862.66 583.261 118.82
3925.22 592.008 118.47
3986.98 600.625 118.12
4047.86 609.105 117.77
4107.84 617.444 117.42
4166.85 625.635 117.07
4224.85 633.674 116.71
4281.79 641.556 116.35
4337.62 649.276 116
4392.31 656.831 115.64
4445.81 664.216 115.28
4498.08 671.428 114.91
4549.09 678.464 114.55
4598.78 685.32 114.19
4647.14 691.993 113.82
4694.13 698.481 113.45
4739.71 704.781 113.09
4783.86 710.891 112.72
4826.54 716.808 112.35
4867.72 722.531 111.98
4907.39 728.059 111.61
4945.52 733.388 111.23
4982.08 738.518 110.86
5017.06 743.448 110.49
5050.42 748.175 110.11
5082.15 752.699 109.74
5112.24 757.018 109.36
5140.66 761.132 108.98
5167.41 765.039 108.61
5192.45 768.737 108.23
5215.78 772.227 107.85
5237.39 775.506 107.47
5257.25 778.573 107.1
5275.36 781.428 106.72
5291.71 784.069 106.34
5306.28 786.495 105.96
5319.07 788.704 105.58
5330.05 790.695 105.2
5339.23 792.467 104.81
5346.59 794.018 104.43
5352.12 795.346 104.05
5355.82 796.451 103.67
5357.67 797.329 103.29
5357.68 797.979 102.9
5355.82 798.399 102.52
5352.09 798.587 102.14
5346.49 798.542 101.75
5339.02 798.26 101.37
5329.65 797.74 100.98
5318.4 796.979 100.6
5305.24 795.976 100.21
5290.19 794.728 99.82
5273.24 793.232 99.43
5254.38 791.486 99.04
5233.61 789.489 98.65
5210.94 787.237 98.26
5186.35 784.728 97.87
5159.86 781.961 97.48
5131.47 778.932 97.08
5101.18 775.641 96.69
5068.99 772.086 96.29
5034.91 768.264 95.89
4998.96 764.174 95.49
4961.14 759.816 95.09
4921.46 755.187 94.69
4879.94 750.288 94.28
4836.6 745.117 93.88
4791.45 739.675 93.47
4744.52 733.962 93.06
4695.83 727.978 92.64
4645.42 721.725 92.23
4593.3 715.204 91.81
4539.51 708.416 91.39
4484.1 701.365 90.97
4427.08 694.053 90.54
4368.52 686.484 90.11
4308.46 678.662 89.68
4246.94 670.59 89.24
4184.01 662.276 88.8
4119.74 653.724 88.36
4054.18 644.941 87.91
3987.39 635.934 87.46
3919.45 626.71 87.01
3850.4 617.279 86.55
3780.34 607.65 86.09
3709.33 597.831 85.62
3637.45 587.834 85.15
3564.78 577.669 84.68
3491.4 567.348 84.2
3417.4 556.883 83.72
3342.86 546.287 83.23
3267.87 535.572 82.73
3192.52 524.753 82.23
3116.9 513.843 81.73
3041.1 502.858 81.22
2965.21 491.811 80.71
2889.33 480.719 80.19
2813.53 469.596 79.67
2737.93 458.458 79.14
2662.6 447.321 78.6
2587.63 436.201 78.06
2513.12 425.113 77.52
2439.14 414.074 76.97
2365.78 403.099 76.41
2293.12 392.204 75.85
2221.23 381.405 75.28
2150.21 370.716 74.71
2080.1 360.153 74.13
2010.99 349.731 73.54
1942.94 339.462 72.95
1876 329.362 72.36
1810.25 319.442 71.76
1745.72 309.716 71.15
1682.47 300.194 70.54
1620.54 290.889 69.92
1559.98 281.81 69.3
1500.82 272.965 68.68
1443.1 264.363 68.04
1386.83 256.009 67.41
1332.05 247.91 66.77
1278.79 240.068 66.12
1227.04 232.485 65.48
1176.83 225.16 64.83
1128.17 218.091 64.17
1081.06 211.272 63.52
1035.51 204.698 62.86
991.51 198.359 62.2
949.057 192.245 61.54
908.145 186.343 60.89
868.759 180.642 60.23
830.881 175.127 59.58
794.491 169.786 58.92
759.56 164.605 58.28
726.056 159.572 57.64
693.937 154.676 57
663.158 149.904 56.37
633.662 145.246 55.75
605.388 140.691 55.14
578.265 136.228 54.53
552.214 131.845 53.93
527.149 127.531 53.33
502.977 123.273 52.74
479.594 119.057 52.16
456.883 114.866 51.57
434.811 110.698 50.99
413.359 106.552 50.4
392.511 102.428 49.81
372.249 98.3255 49.22
352.556 94.2453 48.62
333.417 90.1877 48.03
314.815 86.1535 47.43
296.736 82.1436 46.82
279.165 78.1592 46.21
262.09 74.2017 45.58
245.499 70.2729 44.95
229.382 66.3746 44.31
213.729 62.5092 43.65
198.535 58.6792 42.97
183.793 54.8876 42.28
169.5 51.1375 41.56
155.654 47.4327 40.82
142.254 43.7772 40.05
129.303 40.1754 39.24
116.805 36.6323 38.39
104.765 33.1527 37.5
93.1906 29.7402 36.55
82.0924 26.4037 35.53
71.4819 23.1563 34.42
61.3728 20.0116 33.22
51.7809 16.9835 31.89
42.7244 14.0863 30.38
34.2243 11.3351 28.65
26.3058 8.74646 26.6
19.0016 6.33932 24.02
12.3649 4.14089 20.5
6.51534 2.20869 14.77
1.91203 1 0
1 1 0
1 1 0
1 1 0
1 1 0
1 1 0
1 1 0
1 1 0
1 1 0
1 1 0
1 1 0
1 1 0
1 1 0
1 1 0
1 1 0
1 1 0
1 1 0
1 1 0
1 1 0
1 1 0
1 1 0
1 1 0
1 1 0
