1.67484 1 0
3.09593 1 0
4.31135 1 0
5.65442 1 0
7.15009 1 0
8.80799 1.18092 125.02
10.6338 1.45841 126.22
12.632 1.76227 126.78
14.8064 2.09311 127.1
17.161 2.4515 127.28
19.6994 2.83802 127.37
22.4258 3.25327 127.4
25.3442 3.69786 127.38
28.4588 4.17244 127.32
31.7739 4.67765 127.24
35.2942 5.21419 127.13
39.0243 5.78275 127.01
42.969 6.38405 126.87
47.1332 7.01882 126.72
51.5221 7.68784 126.56
56.1408 8.39187 126.39
60.9946 9.13169 126.21
66.0889 9.90812 126.02
71.4294 10.722 125.83
77.0215 11.5741 125.63
82.8709 12.4652 125.43
88.9835 13.3963 125.23
95.365 14.3682 125.02
102.021 15.3818 124.81
108.959 16.4378 124.59
116.183 17.5373 124.37
123.7 18.681 124.15
131.516 19.8699 123.93
139.638 21.1048 123.71
148.07 22.3866 123.48
156.821 23.7162 123.26
165.895 25.0945 123.03
175.299 26.5224 122.8
185.039 28.0006 122.57
195.122 29.5302 122.34
205.553 31.1119 122.1
216.339 32.7467 121.87
227.487 34.4353 121.63
239.001 36.1785 121.4
250.888 37.9773 121.16
263.155 39.8323 120.92
275.807 41.7445 120.69
288.849 43.7145 120.45
302.289 45.7431 120.21
316.132 47.8312 119.97
330.382 49.9793 119.73
345.047 52.1882 119.48
360.131 54.4586 119.24
375.64 56.7911 119
391.579 59.1863 118.75
407.953 61.6449 118.51
424.768 64.1675 118.26
442.027 66.7545 118.02
459.737 69.4065 117.77
477.901 72.124 117.52
496.523 74.9074 117.28
515.609 77.7572 117.03
535.162 80.6737 116.78
555.186 83.6573 116.53
575.685 86.7083 116.28
596.663 89.827 116.03
618.122 93.0136 115.77
640.066 96.2683 115.52
662.497 99.5913 115.27
685.42 102.983 115.01
708.832 106.442 114.76
732.719 109.97 114.5
757.077 113.565 114.24
781.905 117.227 113.99
807.198 120.955 113.73
832.954 124.75 113.47
859.167 128.61 113.21
885.831 132.534 112.95
912.942 136.522 112.69
940.491 140.573 112.42
968.471 144.686 112.16
996.873 148.859 111.89
1025.69 153.091 111.63
1054.9 157.38 111.36
1084.51 161.726 111.09
1114.5 166.125 110.82
1144.84 170.577 110.55
1175.54 175.079 110.28
1206.57 179.63 110.01
1237.93 184.226 109.73
1269.58 188.867 109.46
1301.51 193.548 109.18
1333.71 198.269 108.9
1366.16 203.025 108.62
1398.83 207.815 108.34
1431.69 212.635 108.06
1464.74 217.482 107.77
1497.94 222.353 107.49
1531.27 227.245 107.2
1564.7 232.155 106.92
1598.21 237.078 106.63
1631.77 242.011 106.33
1665.35 246.95 106.04
1698.91 251.892 105.75
1732.44 256.833 105.45
1765.9 261.768 105.15
1799.25 266.694 104.86
1832.47 271.606 104.55
1865.52 276.5 104.25
1898.37 281.372 103.95
1930.99 286.217 103.64
1963.33 291.032 103.34
1995.37 295.811 103.03
2027.08 300.55 102.72
2058.4 305.246 102.4
2089.33 309.892 102.09
2119.8 314.486 101.77
2149.8 319.022 101.46
2179.28 323.496 101.14
2208.21 327.903 100.82
2236.55 332.239 100.49
2264.27 336.5 100.17
2291.34 340.68 99.84
2317.72 344.777 99.51
2343.37 348.785 99.18
2368.27 352.7 98.85
2392.38 356.519 98.52
2415.67 360.236 98.18
2438.1 363.847 97.85
2459.65 367.35 97.51
2480.29 370.739 97.17
2499.98 374.01 96.82
2518.7 377.161 96.48
2536.42 380.187 96.13
2553.12 383.085 95.78
2568.76 385.85 95.43
2583.33 388.48 95.08
2596.81 390.971 94.73
2609.16 393.32 94.37
2620.37 395.523 94.01
2630.42 397.578 93.65
2639.29 399.481 93.29
2646.96 401.23 92.93
2653.42 402.821 92.56
2658.66 404.253 92.2
2662.65 405.523 91.83
2665.4 406.627 91.45
2666.88 407.565 91.08
2667.09 408.334 90.7
2666.03 408.932 90.33
2663.69 409.357 89.95
2660.06 409.608 89.56
2655.14 409.682 89.18
2648.93 409.58 88.79
2641.44 409.299 88.4
2632.66 408.839 88.01
2622.6 408.199 87.62
2611.27 407.379 87.22
2598.67 406.378 86.82
2584.81 405.196 86.42
2569.72 403.833 86.02
2553.39 402.29 85.61
2535.85 400.568 85.2
2517.11 398.667 84.79
2497.19 396.588 84.37
2476.11 394.333 83.96
2453.89 391.904 83.53
2430.57 389.303 83.11
2406.16 386.532 82.69
2380.69 383.593 82.26
2354.2 380.49 81.82
2326.7 377.226 81.39
2298.25 373.804 80.95
2268.87 370.229 80.51
2238.59 366.504 80.06
2207.46 362.634 79.61
2175.51 358.624 79.16
2142.79 354.479 78.7
2109.33 350.205 78.24
2075.19 345.807 77.78
2040.4 341.291 77.31
2005 336.664 76.84
1969.06 331.932 76.37
1932.6 327.103 75.89
1895.68 322.183 75.41
1858.35 317.179 74.92
1820.66 312.101 74.44
1782.65 306.954 73.94
1744.38 301.748 73.44
1705.89 296.491 72.94
1667.23 291.19 72.44
1628.46 285.855 71.93
1589.61 280.493 71.41
1550.74 275.114 70.9
1511.89 269.726 70.37
1473.12 264.336 69.85
1434.46 258.955 69.32
1395.97 253.589 68.78
1357.68 248.247 68.25
1319.63 242.937 67.7
1281.88 237.666 67.16
1244.45 232.442 66.61
1207.39 227.27 66.06
1170.72 222.158 65.5
1134.49 217.11 64.94
1098.73 212.132 64.37
1063.47 207.226 63.81
1028.73 202.397 63.24
994.542 197.646 62.66
960.93 192.975 62.09
927.916 188.382 61.51
895.518 183.868 60.93
863.755 179.43 60.34
832.641 175.066 59.76
802.19 170.771 59.17
772.412 166.54 58.59
743.315 162.37 58
714.906 158.254 57.41
687.189 154.188 56.82
660.165 150.166 56.23
633.834 146.182 55.65
608.193 142.233 55.06
583.238 138.313 54.47
558.963 134.419 53.89
535.359 130.546 53.31
512.415 126.692 52.73
490.12 122.853 52.16
468.461 119.028 51.58
447.42 115.214 51.01
426.982 111.411 50.44
407.129 107.616 49.87
387.841 103.829 49.31
369.098 100.049 48.75
350.879 96.2755 48.18
333.163 92.5087 47.62
315.927 88.7481 47.05
299.149 84.9937 46.49
282.81 81.2452 45.91
266.888 77.5028 45.34
251.364 73.7665 44.75
236.22 70.0365 44.16
221.441 66.313 43.55
207.013 62.5969 42.93
192.925 58.889 42.3
179.174 55.1925 41.64
165.764 51.5122 40.96
152.7 47.8533 40.26
139.989 44.2223 39.52
127.64 40.6264 38.75
115.663 37.0742 37.94
104.07 33.5766 37.08
92.8783 30.146 36.17
82.1045 26.7958 35.19
71.7696 23.5399 34.14
61.8979 20.3932 32.99
52.5176 17.3717 31.72
43.6615 14.4928 30.3
35.3681 11.7753 28.69
27.6839 9.24063 26.8
20.6661 6.9138 24.53
14.3878 4.82541 21.64
8.94876 3.0171 17.63
4.4996 1.56412 10.87
1.34976 1 0
1 1 0
1 1 0
1 1 0
1 1 0
1 1 0
1 1 0
1 1 0
1 1 0
1 1 0
1 1 0
1 1 0
1 1 0
1 1 0
1 1 0
1 1 0
1 1 0
1 1 0
1 1 0
1 1 0
1 1 0
1 1 0
1 1 0
1 1 0
1 1 0
1 1 0
1 1 0
1 1 0
1 1 0
1 1 0
1 1 0
1 1 0
1 1 0
1 1 0
1 1 0
1 1 0
1 1 0
1 1 0
