2.53871 1 0
5.55024 1 0
8.10428 1.15342 134.05
10.9396 1.61921 135.76
14.1228 2.14335 136.49
17.6856 2.73107 136.89
21.6507 3.38612 137.14
26.0376 4.11171 137.28
30.8641 4.91083 137.35
36.1478 5.78637 137.37
41.9057 6.74119 137.36
48.1551 7.77813 137.31
54.9134 8.90005 137.24
62.198 10.1098 137.15
70.0267 11.4104 137.05
78.4174 12.8046 136.93
87.3882 14.2955 136.8
96.9574 15.886 136.66
107.143 17.5791 136.51
117.965 19.3778 136.35
129.441 21.2851 136.19
141.591 23.3041 136.02
154.433 25.4377 135.84
167.987 27.6889 135.66
182.272 30.0609 135.48
197.308 32.5565 135.29
213.113 35.1788 135.1
229.707 37.9306 134.9
247.109 40.8149 134.7
265.338 43.8346 134.5
284.413 46.9924 134.3
304.353 50.291 134.09
325.175 53.7332 133.88
346.898 57.3215 133.67
369.538 61.0585 133.46
393.114 64.9465 133.24
417.64 68.9879 133.02
443.136 73.1849 132.8
469.614 77.5395 132.58
497.09 82.0537 132.36
525.577 86.7293 132.13
555.092 91.5678 131.9
585.644 96.5709 131.67
617.247 101.74 131.44
649.911 107.075 131.21
683.646 112.579 130.98
718.461 118.251 130.74
754.363 124.092 130.5
791.359 130.102 130.26
829.454 136.281 130.02
868.651 142.629 129.78
908.956 149.146 129.53
950.364 155.83 129.29
992.878 162.681 129.04
1036.5 169.696 128.79
1081.21 176.875 128.53
1127.02 184.216 128.28
1173.91 191.715 128.02
1221.88 199.371 127.77
1270.92 207.18 127.51
1320.99 215.139 127.25
1372.11 223.244 126.98
1424.24 231.492 126.72
1477.36 239.877 126.45
1531.46 248.395 126.18
1586.5 257.041 125.91
1642.46 265.809 125.64
1699.31 274.693 125.36
1757.02 283.688 125.08
1815.54 292.786 124.8
1874.86 301.981 124.52
1934.91 311.265 124.24
1995.67 320.632 123.95
2057.09 330.073 123.66
2119.13 339.58 123.37
2181.72 349.145 123.08
2244.84 358.76 122.79
2308.41 368.416 122.49
2372.39 378.104 122.19
2436.73 387.814 121.89
2501.35 397.539 121.58
2566.22 407.268 121.28
2631.26 416.994 120.97
2696.43 426.706 120.66
2761.66 436.398 120.35
2826.9 446.06 120.03
2892.09 455.684 119.71
2957.16 465.261 119.4
3022.07 474.783 119.07
3086.74 484.243 118.75
3151.12 493.631 118.42
3215.16 502.941 118.1
3278.8 512.165 117.77
3341.97 521.296 117.44
3404.61 530.326 117.1
3466.68 539.249 116.77
3528.12 548.058 116.43
3588.88 556.747 116.09
3648.89 565.309 115.75
3708.11 573.74 115.41
3766.48 582.034 115.06
3823.97 590.185 114.71
3880.51 598.188 114.37
3936.07 606.04 114.02
3990.59 613.735 113.67
4044.03 621.27 113.31
4096.36 628.64 112.96
4147.52 635.843 112.6
4197.48 642.875 112.25
4246.2 649.732 111.89
4293.65 656.413 111.53
4339.79 662.913 111.17
4384.58 669.232 110.81
4428 675.366 110.44
4470.01 681.314 110.08
4510.59 687.073 109.71
4549.71 692.642 109.35
4587.34 698.019 108.98
4623.46 703.202 108.61
4658.04 708.191 108.24
4691.06 712.984 107.87
4722.49 717.578 107.5
4752.33 721.974 107.13
4780.55 726.17 106.76
4807.12 730.164 106.38
4832.05 733.955 106.01
4855.3 737.543 105.64
4876.86 740.926 105.26
4896.72 744.103 104.89
4914.86 747.072 104.51
4931.28 749.832 104.13
4945.95 752.382 103.75
4958.87 754.721 103.38
4970.02 756.847 103
4979.4 758.757 102.62
4986.99 760.452 102.24
4992.79 761.929 101.86
4996.78 763.187 101.48
4998.97 764.223 101.09
4999.33 765.036 100.71
4997.87 765.623 100.33
4994.57 765.983 99.94
4989.44 766.114 99.56
4982.45 766.014 99.17
4973.63 765.679 98.79
4962.95 765.109 98.4
4950.41 764.301 98.01
4936.01 763.252 97.62
4919.77 761.961 97.23
4901.65 760.425 96.84
4881.68 758.642 96.45
4859.86 756.609 96.06
4836.17 754.324 95.66
4810.64 751.787 95.27
4783.27 748.993 94.87
4754.06 745.942 94.47
4723.02 742.632 94.07
4690.17 739.061 93.67
4655.51 735.228 93.27
4619.06 731.132 92.86
4580.83 726.772 92.45
4540.85 722.147 92.04
4499.13 717.256 91.63
4455.7 712.101 91.22
4410.57 706.68 90.8
4363.79 700.995 90.38
4315.38 695.047 89.96
4265.38 688.837 89.54
4213.81 682.367 89.11
4160.72 675.639 88.69
4106.15 668.657 88.25
4050.15 661.424 87.82
3992.76 653.944 87.38
3934.03 646.221 86.94
3874.02 638.26 86.49
3812.78 630.068 86.05
3750.37 621.651 85.59
3686.86 613.015 85.14
3622.31 604.168 84.68
3556.78 595.118 84.22
3490.36 585.874 83.75
3423.1 576.445 83.28
3355.09 566.843 82.8
3286.41 557.076 82.32
3217.12 547.156 81.84
3147.32 537.095 81.35
3077.08 526.906 80.85
3006.5 516.601 80.36
2935.64 506.193 79.85
2864.61 495.695 79.35
2793.48 485.123 78.83
2722.34 474.49 78.32
2651.27 463.811 77.79
2580.36 453.101 77.27
2509.69 442.374 76.73
2439.35 431.647 76.2
2369.42 420.935 75.65
2299.97 410.252 75.1
2231.09 399.614 74.55
2162.84 389.037 73.99
2095.31 378.535 73.43
2028.56 368.123 72.86
1962.66 357.815 72.28
1897.66 347.627 71.71
1833.65 337.571 71.12
1770.66 327.66 70.53
1708.75 317.908 69.94
1647.97 308.327 69.34
1588.37 298.927 68.73
1529.98 289.72 68.12
1472.85 280.715 67.51
1417 271.92 66.89
1362.46 263.344 66.27
1309.26 254.993 65.64
1257.42 246.871 65.01
1206.95 238.984 64.37
1157.86 231.332 63.73
1110.16 223.916 63.09
1063.85 216.735 62.45
1018.94 209.786 61.8
975.409 203.062 61.15
933.26 196.559 60.5
892.478 190.265 59.85
853.046 184.171 59.2
814.945 178.265 58.55
778.152 172.535 57.9
742.642 166.965 57.25
708.386 161.544 56.6
675.352 156.257 55.95
643.506 151.091 55.3
612.811 146.035 54.66
583.23 141.076 54.02
554.72 136.204 53.38
527.24 131.409 52.75
500.743 126.683 52.11
475.188 122.016 51.48
450.525 117.403 50.86
426.711 112.836 50.23
403.697 108.308 49.6
381.438 103.814 48.98
359.888 99.3469 48.35
339.004 94.9017 47.72
318.742 90.4719 47.08
299.062 86.0509 46.44
279.929 81.6313 45.78
261.306 77.2046 45.11
243.164 72.7586 44.43
225.475 68.2824 43.73
208.219 63.779 43
191.382 59.2554 42.24
174.958 54.7204 41.45
158.942 50.1837 40.62
143.333 45.6563 39.74
128.138 41.151 38.81
113.367 36.6824 37.8
99.0391 32.2668 36.71
85.1796 27.9238 35.5
71.8287 23.6773 34.16
59.0401 19.5556 32.63
46.8865 15.5938 30.85
35.4716 11.8373 28.7
24.9455 8.3475 25.99
15.5347 5.21254 22.25
7.61991 2.57942 16.17
2.00863 1 0
1 1 0
1 1 0
1 1 0
1 1 0
1 1 0
1 1 0
1 1 0
1 1 0
1 1 0
1 1 0
1 1 0
1 1 0
1 1 0
1 1 0
1 1 0
1 1 0
1 1 0
1 1 0
1 1 0
1 1 0
1 1 0
1 1 0
1 1 0
1 1 0
1 1 0
1 1 0
1 1 0
1 1 0
1 1 0
1 1 0
1 1 0
1 1 0
1 1 0
1 1 0
1 1 0
1 1 0
