1.3886 1 0
2.9795 1 0
4.72303 1 0
6.88382 1 0
9.48473 1.43596 128.26
12.5375 1.9548 129.59
16.0507 2.55231 130.39
20.0321 3.22978 130.93
24.4888 3.98843 131.29
29.4282 4.82946 131.54
34.8577 5.75412 131.71
40.7852 6.76367 131.81
47.2188 7.85946 131.86
54.1669 9.04286 131.86
61.6386 10.3153 131.84
69.6428 11.6783 131.78
78.1895 13.1333 131.71
87.2881 14.6819 131.61
96.9491 16.3258 131.5
107.183 18.0666 131.37
118 19.9059 131.23
129.41 21.8454 131.07
141.426 23.8868 130.91
154.058 26.0318 130.74
167.318 28.2821 130.56
181.215 30.6394 130.38
195.763 33.1054 130.19
210.971 35.6818 129.99
226.852 38.3701 129.79
243.416 41.1721 129.58
260.675 44.0894 129.37
278.64 47.1234 129.16
297.322 50.2757 128.94
316.73 53.5477 128.72
336.877 56.9409 128.5
357.772 60.4565 128.27
379.425 64.0959 128.05
401.846 67.8603 127.82
425.045 71.7508 127.58
449.03 75.7684 127.35
473.812 79.9141 127.11
499.396 84.1888 126.87
525.793 88.5932 126.63
553.009 93.128 126.39
581.052 97.7939 126.14
609.93 102.591 125.9
639.646 107.52 125.65
670.206 112.581 125.4
701.617 117.774 125.15
733.883 123.1 124.9
767.007 128.557 124.64
800.993 134.146 124.39
835.84 139.865 124.13
871.557 145.716 123.87
908.14 151.697 123.61
945.592 157.806 123.35
983.909 164.044 123.09
1023.09 170.408 122.83
1063.14 176.899 122.56
1104.05 183.512 122.3
1145.77 190.245 122.03
1188.3 197.095 121.76
1231.63 204.059 121.49
1275.74 211.134 121.22
1320.61 218.317 120.95
1366.24 225.604 120.67
1412.59 232.992 120.39
1459.66 240.477 120.12
1507.41 248.054 119.84
1555.83 255.72 119.56
1604.88 263.469 119.27
1654.55 271.298 118.99
1704.8 279.199 118.7
1755.61 287.17 118.41
1806.94 295.203 118.13
1858.75 303.293 117.83
1911.02 311.434 117.54
1963.71 319.621 117.25
2016.78 327.847 116.95
2070.18 336.106 116.65
2123.89 344.391 116.35
2177.85 352.695 116.05
2232.03 361.013 115.75
2286.38 369.337 115.45
2340.86 377.66 115.14
2395.41 385.976 114.83
2450 394.277 114.52
2504.57 402.557 114.21
2559.09 410.809 113.9
2613.48 419.026 113.58
2667.72 427.201 113.26
2721.75 435.327 112.94
2775.52 443.398 112.62
2828.97 451.406 112.3
2882.07 459.346 111.98
2934.75 467.211 111.65
2986.97 474.994 111.32
3038.68 482.69 111
3089.84 490.292 110.66
3140.39 497.794 110.33
3190.28 505.192 110
3239.46 512.478 109.66
3287.9 519.649 109.33
3335.54 526.698 108.99
3382.33 533.62 108.65
3428.24 540.412 108.3
3473.22 547.068 107.96
3517.23 553.583 107.62
3560.23 559.954 107.27
3602.16 566.176 106.92
3643.01 572.245 106.57
3682.72 578.157 106.22
3721.26 583.91 105.87
3758.6 589.499 105.52
3794.7 594.921 105.16
3829.53 600.173 104.81
3863.05 605.252 104.45
3895.24 610.155 104.09
3926.05 614.878 103.73
3955.48 619.421 103.37
3983.49 623.779 103.01
4010.04 627.95 102.65
4035.12 631.932 102.28
4058.71 635.723 101.92
4080.78 639.32 101.55
4101.31 642.721 101.18
4120.27 645.923 100.81
4137.66 648.925 100.44
4153.45 651.725 100.07
4167.62 654.319 99.7
4180.17 656.708 99.33
4191.07 658.887 98.95
4200.3 660.856 98.58
4207.87 662.611 98.2
4213.75 664.152 97.82
4217.94 665.477 97.44
4220.43 666.582 97.06
4221.21 667.467 96.68
4220.27 668.13 96.3
4217.61 668.567 95.92
4213.21 668.779 95.53
4207.09 668.762 95.14
4199.23 668.515 94.76
4189.64 668.037 94.37
4178.31 667.325 93.98
4165.25 666.378 93.59
4150.46 665.194 93.19
4133.95 663.772 92.8
4115.71 662.111 92.4
4095.77 660.209 92
4074.12 658.066 91.6
4050.79 655.68 91.2
4025.78 653.051 90.8
3999.1 650.178 90.39
3970.78 647.061 89.98
3940.82 643.7 89.57
3909.26 640.094 89.16
3876.11 636.245 88.75
3841.4 632.153 88.33
3805.16 627.819 87.91
3767.41 623.244 87.49
3728.18 618.431 87.07
3687.51 613.38 86.64
3645.43 608.095 86.21
3601.98 602.579 85.78
3557.21 596.834 85.35
3511.15 590.864 84.91
3463.84 584.675 84.47
3415.34 578.269 84.03
3365.7 571.653 83.58
3314.96 564.832 83.13
3263.17 557.812 82.68
3210.41 550.599 82.22
3156.71 543.201 81.76
3102.15 535.626 81.3
3046.79 527.881 80.83
2990.67 519.975 80.36
2933.88 511.917 79.88
2876.48 503.716 79.41
2818.53 495.383 78.92
2760.11 486.928 78.44
2701.27 478.362 77.95
2642.1 469.695 77.45
2582.66 460.941 76.95
2523.03 452.109 76.45
2463.27 443.214 75.94
2403.45 434.266 75.43
2343.65 425.28 74.91
2283.93 416.267 74.39
2224.37 407.24 73.87
2165.02 398.214 73.34
2105.97 389.2 72.8
2047.27 380.212 72.26
1988.98 371.263 71.72
1931.17 362.365 71.17
1873.9 353.532 70.62
1817.23 344.775 70.07
1761.2 336.107 69.51
1705.87 327.539 68.94
1651.29 319.081 68.37
1597.51 310.745 67.8
1544.57 302.54 67.23
1492.51 294.475 66.65
1441.36 286.557 66.06
1391.17 278.793 65.48
1341.95 271.19 64.89
1293.74 263.752 64.29
1246.56 256.481 63.7
1200.42 249.38 63.1
1155.35 242.448 62.5
1111.36 235.684 61.9
1068.45 229.085 61.29
1026.63 222.646 60.69
985.897 216.36 60.08
946.254 210.221 59.47
907.692 204.22 58.87
870.204 198.347 58.26
833.777 192.591 57.65
798.394 186.942 57.04
764.04 181.389 56.44
730.69 175.922 55.83
698.323 170.529 55.23
666.911 165.202 54.63
636.426 159.93 54.03
606.836 154.704 53.43
578.113 149.516 52.83
550.219 144.357 52.24
523.12 139.22 51.64
496.781 134.098 51.04
471.163 128.983 50.44
446.234 123.869 49.84
421.954 118.747 49.23
398.29 113.61 48.62
375.206 108.45 48
352.672 103.256 47.38
330.657 98.013 46.74
309.134 92.7218 46.08
288.078 87.385 45.41
267.471 82.007 44.72
247.298 76.5944 44.01
227.547 71.1548 43.27
208.215 65.6983 42.49
189.302 60.2365 41.67
170.819 54.784 40.8
152.783 49.3575 39.87
135.219 43.9768 38.88
118.161 38.6645 37.79
101.652 33.4461 36.6
85.7523 28.3531 35.28
70.5374 23.4223 33.77
56.0999 18.6961 32.03
42.5739 14.2309 29.94
30.133 10.0966 27.31
19.0303 6.39029 23.77
9.66739 3.26331 18.23
2.82213 1.0819 4.66
1 1 0
1 1 0
1 1 0
1 1 0
1 1 0
1 1 0
1 1 0
1 1 0
1 1 0
1 1 0
1 1 0
1 1 0
1 1 0
1 1 0
1 1 0
1 1 0
1 1 0
1 1 0
1 1 0
1 1 0
1 1 0
1 1 0
1 1 0
1 1 0
1 1 0
1 1 0
1 1 0
1 1 0
1 1 0
1 1 0
1 1 0
1 1 0
1 1 0
1 1 0
1 1 0
1 1 0
1 1 0
1 1 0
1 1 0
1 1 0
1 1 0
1 1 0
1 1 0
1 1 0
1 1 0
