1 1 0
1 1 0
1 1 0
1 1 0
1 1 0
1.00044 1 0
1.07016 1 0
1.45264 1 0
2.37622 1 0
3.98925 1 0
6.37914 1.04581 119.2
9.59434 1.67171 123.88
13.66 2.4633 126.25
18.5877 3.42278 127.88
24.3811 4.5508 129.08
31.0403 5.84725 130
38.5633 7.31164 130.72
46.948 8.94335 131.27
56.1921 10.7418 131.71
66.2943 12.7066 132.05
77.2544 14.8374 132.31
89.0725 17.134 132.51
101.75 19.5966 132.65
115.289 22.2252 132.75
129.694 25.0203 132.81
144.969 27.9823 132.84
161.116 31.1118 132.83
178.143 34.4094 132.81
196.055 37.8759 132.76
214.857 41.512 132.69
234.557 45.3186 132.6
255.161 49.2965 132.5
276.674 53.4466 132.39
299.106 57.7696 132.26
322.461 62.2664 132.12
346.748 66.9377 131.98
371.972 71.7842 131.82
398.14 76.8066 131.66
425.258 82.0053 131.48
453.332 87.3809 131.3
482.369 92.9337 131.12
512.373 98.664 130.93
543.346 104.572 130.73
575.299 110.657 130.53
608.229 116.92 130.32
642.141 123.361 130.11
677.04 129.978 129.89
712.928 136.771 129.67
749.804 143.74 129.45
787.669 150.884 129.22
826.524 158.202 128.99
866.365 165.691 128.76
907.197 173.352 128.53
949.012 181.182 128.29
991.805 189.18 128.04
1035.58 197.344 127.8
1080.33 205.671 127.55
1126.04 214.159 127.3
1172.71 222.805 127.05
1220.34 231.608 126.79
1268.91 240.564 126.54
1318.41 249.669 126.28
1368.84 258.921 126.02
1420.19 268.316 125.75
1472.43 277.85 125.49
1525.57 287.52 125.22
1579.58 297.322 124.95
1634.45 307.25 124.68
1690.16 317.302 124.4
1746.71 327.472 124.13
1804.07 337.756 123.85
1862.22 348.148 123.57
1921.14 358.645 123.29
1980.82 369.24 123.01
2041.24 379.929 122.72
2102.37 390.706 122.44
2164.19 401.566 122.15
2226.68 412.502 121.86
2289.82 423.511 121.56
2353.58 434.584 121.27
2417.93 445.718 120.97
2482.87 456.906 120.68
2548.35 468.141 120.38
2614.35 479.419 120.08
2680.86 490.733 119.77
2747.82 502.076 119.47
2815.23 513.444 119.16
2883.06 524.829 118.86
2951.27 536.226 118.55
3019.85 547.63 118.24
3088.75 559.032 117.92
3157.96 570.429 117.61
3227.44 581.814 117.29
3297.17 593.181 116.98
3367.13 604.525 116.66
3437.28 615.84 116.34
3507.58 627.12 116.01
3577.98 638.353 115.69
3648.18 649.503 115.36
3718.09 660.556 115.04
3787.66 671.503 114.71
3856.81 682.335 114.38
3925.49 693.045 114.04
3993.63 703.622 113.71
4061.17 714.06 113.37
4128.04 724.349 113.03
4194.17 734.484 112.69
4259.52 744.455 112.35
4324.02 754.257 112
4387.59 763.883 111.66
4450.2 773.326 111.31
4511.78 782.581 110.96
4572.28 791.643 110.61
4631.63 800.505 110.26
4689.78 809.163 109.91
4746.69 817.614 109.55
4802.3 825.852 109.19
4856.58 833.874 108.84
4909.45 841.677 108.48
4960.89 849.257 108.12
5010.85 856.612 107.75
5059.29 863.739 107.39
5106.17 870.636 107.03
5151.44 877.301 106.66
5195.09 883.732 106.29
5237.07 889.927 105.93
5277.33 895.885 105.56
5315.87 901.605 105.19
5352.65 907.085 104.82
5387.64 912.323 104.45
5420.8 917.32 104.07
5452.13 922.073 103.7
5481.58 926.583 103.33
5509.14 930.846 102.95
5534.79 934.864 102.58
5558.5 938.633 102.2
5580.26 942.153 101.82
5600.03 945.423 101.45
5617.82 948.441 101.07
5633.58 951.206 100.69
5647.33 953.715 100.31
5659.02 955.967 99.93
5668.64 957.959 99.55
5676.19 959.689 99.17
5681.63 961.155 98.79
5684.97 962.354 98.41
5686.17 963.283 98.03
5685.23 963.939 97.64
5682.13 964.318 97.26
5676.87 964.417 96.88
5669.42 964.233 96.49
5659.76 963.76 96.1
5647.9 962.995 95.72
5633.81 961.934 95.33
5617.49 960.572 94.94
5598.91 958.904 94.55
5578.09 956.927 94.16
5555 954.634 93.77
5529.63 952.02 93.38
5501.98 949.082 92.98
5472.04 945.813 92.59
5439.83 942.21 92.19
5405.31 938.266 91.79
5368.5 933.977 91.39
5329.4 929.338 90.99
5288.02 924.344 90.58
5244.35 918.992 90.17
5198.42 913.278 89.77
5150.23 907.197 89.35
5099.8 900.746 88.94
5047.14 893.922 88.52
4992.3 886.723 88.11
4935.27 879.148 87.68
4876.12 871.195 87.26
4814.86 862.863 86.83
4751.53 854.154 86.4
4686.19 845.068 85.96
4618.89 835.607 85.53
4549.67 825.775 85.08
4478.61 815.576 84.64
4405.75 805.014 84.19
4331.19 794.097 83.73
4255 782.831 83.27
4177.24 771.225 82.81
4098.03 759.29 82.34
4017.44 747.037 81.87
3935.57 734.477 81.39
3852.53 721.625 80.91
3768.43 708.497 80.42
3683.37 695.107 79.92
3597.46 681.475 79.42
3510.84 667.619 78.92
3423.61 653.558 78.41
3335.91 639.314 77.89
3247.86 624.909 77.37
3159.59 610.366 76.84
3071.21 595.709 76.3
2982.89 580.963 75.76
2894.73 566.153 75.21
2806.86 551.304 74.66
2719.41 536.444 74.1
2632.51 521.598 73.53
2546.28 506.793 72.95
2460.84 492.055 72.37
2376.31 477.412 71.79
2292.79 462.888 71.19
2210.4 448.509 70.59
2129.24 434.3 69.99
2049.4 420.284 69.38
1970.97 406.485 68.76
1894.03 392.924 68.13
1818.68 379.622 67.5
1744.96 366.596 66.86
1672.95 353.865 66.22
1602.7 341.442 65.57
1534.25 329.341 64.92
1467.65 317.573 64.26
1402.94 306.145 63.6
1340.12 295.064 62.94
1279.22 284.33 62.27
1220.26 273.944 61.6
1163.21 263.903 60.92
1108.1 254.199 60.25
1054.88 244.824 59.57
1003.57 235.763 58.89
954.106 227.002 58.21
906.475 218.524 57.53
860.63 210.308 56.85
816.527 202.334 56.17
774.115 194.58 55.5
733.335 187.025 54.82
694.128 179.648 54.15
656.43 172.427 53.48
620.172 165.343 52.81
585.281 158.375 52.14
551.685 151.506 51.48
519.311 144.717 50.81
488.083 137.99 50.14
457.927 131.308 49.47
428.77 124.65 48.79
400.542 117.995 48.11
373.177 111.336 47.42
346.613 104.669 46.71
320.797 97.9908 45.98
295.679 91.304 45.23
271.22 84.612 44.46
247.39 77.922 43.65
224.173 71.2445 42.8
201.564 64.5946 41.9
179.57 57.9902 40.94
158.207 51.4526 39.91
137.507 45.008 38.79
117.517 38.6869 37.55
98.3035 32.5271 36.17
79.9594 26.5745 34.59
62.6102 20.8863 32.74
46.4292 15.5355 30.49
31.6624 10.6197 27.61
18.6779 6.2784 23.57
8.09416 2.74321 16.64
1.35969 1 0
1 1 0
1 1 0
1 1 0
1 1 0
1 1 0
1 1 0
1 1 0
1 1 0
1 1 0
1 1 0
1 1 0
1 1 0
1 1 0
1 1 0
1 1 0
1 1 0
1 1 0
1 1 0
1 1 0
1 1 0
1 1 0
1 1 0
1 1 0
1 1 0
1 1 0
1 1 0
1 1 0
1 1 0
1 1 0
1 1 0
1 1 0
1 1 0
1 1 0
1 1 0
1 1 0
1 1 0
1 1 0
1 1 0
1 1 0
1 1 0
