1.54991 1 0
3.03127 1 0
4.40861 1 0
5.98643 1 0
7.78475 1.0232 126.59
9.81055 1.32979 129.94
12.0678 1.67158 130.91
14.5595 2.04903 131.44
17.2886 2.46257 131.77
20.2582 2.91266 131.96
23.4715 3.39979 132.07
26.9322 3.92447 132.11
30.6439 4.48727 132.11
34.6108 5.08879 132.06
38.8372 5.72968 131.99
43.3277 6.4106 131.89
48.0871 7.13227 131.78
53.1204 7.89541 131.64
58.4327 8.7008 131.5
64.0296 9.54921 131.34
69.9165 10.4415 131.17
76.0992 11.3784 130.99
82.5833 12.3608 130.8
89.375 13.3896 130.61
96.4802 14.4656 130.41
103.905 15.5897 130.21
111.656 16.7629 130
119.739 17.986 129.79
128.16 19.2599 129.57
136.927 20.5855 129.35
146.045 21.9638 129.13
155.521 23.3957 128.91
165.361 24.882 128.68
175.572 26.4236 128.45
186.161 28.0216 128.22
197.134 29.6767 127.99
208.497 31.3898 127.75
220.257 33.1619 127.52
232.42 34.9938 127.28
244.993 36.8863 127.04
257.983 38.8403 126.8
271.394 40.8566 126.56
285.234 42.936 126.32
299.508 45.0792 126.08
314.223 47.2872 125.83
329.385 49.5605 125.59
344.998 51.8998 125.34
361.07 54.306 125.09
377.604 56.7796 124.85
394.609 59.3213 124.6
412.086 61.9317 124.35
430.043 64.6113 124.1
448.484 67.3606 123.85
467.413 70.1801 123.6
486.835 73.0703 123.35
506.754 76.0316 123.09
527.175 79.0644 122.84
548.1 82.169 122.58
569.535 85.3457 122.33
591.482 88.5947 122.07
613.944 91.9162 121.82
636.925 95.3105 121.56
660.426 98.7775 121.3
684.451 102.317 121.04
709 105.93 120.78
734.078 109.616 120.52
759.684 113.374 120.26
785.821 117.205 120
812.487 121.108 119.73
839.686 125.083 119.47
867.417 129.13 119.21
895.68 133.249 118.94
924.474 137.439 118.67
953.8 141.699 118.41
983.655 146.029 118.14
1014.04 150.428 117.87
1044.95 154.897 117.6
1076.39 159.433 117.33
1108.35 164.037 117.06
1140.83 168.707 116.79
1173.83 173.443 116.51
1207.33 178.243 116.24
1241.29 183.103 115.96
1275.66 188.017 115.69
1310.43 192.983 115.41
1345.58 198.001 115.13
1381.09 203.065 114.85
1416.94 208.175 114.57
1453.11 213.326 114.29
1489.58 218.517 114
1526.33 223.743 113.72
1563.33 229.002 113.43
1600.56 234.29 113.14
1637.99 239.604 112.85
1675.6 244.939 112.56
1713.35 250.293 112.27
1751.21 255.662 111.98
1789.17 261.04 111.68
1827.18 266.426 111.38
1865.21 271.813 111.09
1903.24 277.198 110.79
1941.22 282.578 110.48
1979.13 287.947 110.18
2016.93 293.301 109.88
2054.59 298.636 109.57
2092.07 303.947 109.26
2129.33 309.23 108.95
2166.34 314.48 108.64
2203.06 319.693 108.33
2239.45 324.864 108.01
2275.49 329.989 107.7
2311.12 335.063 107.38
2346.32 340.082 107.06
2381.05 345.041 106.74
2415.26 349.936 106.42
2448.93 354.762 106.09
2482.02 359.516 105.77
2514.49 364.192 105.44
2546.3 368.786 105.11
2577.42 373.295 104.78
2607.81 377.714 104.45
2637.45 382.039 104.11
2666.29 386.267 103.78
2694.3 390.392 103.44
2721.45 394.411 103.1
2747.71 398.321 102.76
2773.05 402.117 102.42
2797.44 405.797 102.07
2820.84 409.356 101.73
2843.23 412.791 101.38
2864.57 416.099 101.03
2884.86 419.276 100.68
2904.05 422.319 100.33
2922.13 425.225 99.97
2939.06 427.991 99.62
2954.83 430.614 99.26
2969.42 433.091 98.9
2982.8 435.419 98.54
2994.96 437.597 98.18
3005.88 439.62 97.81
3015.54 441.486 97.45
3023.92 443.194 97.08
3031.02 444.74 96.71
3036.81 446.124 96.34
3041.29 447.341 95.97
3044.44 448.391 95.59
3046.27 449.272 95.22
3046.75 449.982 94.84
3045.88 450.518 94.46
3043.66 450.881 94.08
3040.09 451.067 93.69
3035.16 451.077 93.31
3028.87 450.908 92.92
3021.23 450.56 92.53
3012.23 450.032 92.14
3001.88 449.324 91.75
2990.18 448.434 91.35
2977.15 447.362 90.95
2962.79 446.109 90.55
2947.11 444.673 90.15
2930.12 443.057 89.74
2911.84 441.259 89.34
2892.28 439.281 88.93
2871.47 437.123 88.52
2849.41 434.786 88.1
2826.14 432.273 87.68
2801.66 429.583 87.26
2776.02 426.72 86.84
2749.22 423.685 86.42
2721.31 420.481 85.99
2692.3 417.111 85.56
2662.23 413.576 85.12
2631.14 409.881 84.69
2599.05 406.028 84.25
2566 402.023 83.81
2532.03 397.868 83.36
2497.18 393.568 82.91
2461.49 389.128 82.46
2424.99 384.553 82
2387.74 379.848 81.54
2349.77 375.018 81.08
2311.13 370.069 80.61
2271.87 365.008 80.14
2232.03 359.841 79.67
2191.66 354.574 79.19
2150.82 349.214 78.71
2109.54 343.768 78.23
2067.88 338.244 77.74
2025.88 332.65 77.25
1983.61 326.992 76.75
1941.1 321.279 76.25
1898.42 315.519 75.75
1855.6 309.72 75.24
1812.71 303.89 74.73
1769.78 298.037 74.21
1726.87 292.171 73.69
1684.02 286.299 73.17
1641.29 280.43 72.64
1598.72 274.572 72.11
1556.35 268.734 71.57
1514.23 262.923 71.03
1472.41 257.148 70.49
1430.92 251.417 69.94
1389.8 245.737 69.38
1349.09 240.116 68.83
1308.83 234.559 68.27
1269.06 229.075 67.7
1229.8 223.668 67.13
1191.09 218.345 66.56
1152.96 213.109 65.99
1115.43 207.965 65.41
1078.53 202.915 64.83
1042.28 197.962 64.24
1006.7 193.108 63.65
971.815 188.352 63.06
937.635 183.692 62.47
904.175 179.129 61.88
871.448 174.657 61.28
839.463 170.274 60.68
808.229 165.975 60.08
777.749 161.755 59.48
748.028 157.608 58.88
719.066 153.528 58.28
690.863 149.51 57.68
663.414 145.549 57.08
636.716 141.637 56.48
610.761 137.771 55.88
585.539 133.946 55.28
561.039 130.158 54.69
537.248 126.402 54.1
514.15 122.676 53.51
491.727 118.975 52.92
469.959 115.298 52.34
448.825 111.642 51.75
428.301 108.004 51.17
408.362 104.382 50.59
388.98 100.774 50.01
370.126 97.1758 49.43
351.772 93.5856 48.85
333.886 89.9998 48.27
316.438 86.4151 47.69
299.399 82.8274 47.09
282.74 79.2324 46.49
266.437 75.6266 45.88
250.482 72.009 45.26
234.868 68.3786 44.63
219.59 64.7338 43.98
204.643 61.072 43.31
190.022 57.3875 42.62
175.725 53.6742 41.91
161.751 49.9386 41.16
148.103 46.1892 40.39
134.781 42.4356 39.57
121.791 38.6877 38.7
109.142 34.957 37.78
96.8446 31.2557 36.79
84.9159 27.5978 35.72
73.3763 23.9988 34.54
62.254 20.4766 33.24
51.5872 17.0526 31.76
41.4261 13.7523 30.04
31.8444 10.6091 27.99
22.9435 7.66633 25.43
14.8854 4.98832 21.97
7.93852 2.68091 16.58
2.66323 1.04146 3.62
1 1 0
1 1 0
1 1 0
1 1 0
1 1 0
1 1 0
1 1 0
1 1 0
1 1 0
1 1 0
1 1 0
1 1 0
1 1 0
1 1 0
1 1 0
1 1 0
1 1 0
1 1 0
1 1 0
1 1 0
1 1 0
1 1 0
1 1 0
1 1 0
1 1 0
1 1 0
1 1 0
1 1 0
1 1 0
1 1 0
1 1 0
1 1 0
1 1 0
1 1 0
1 1 0
