1.02412 1 0
1.26406 1 0
1.63816 1 0
2.18357 1 0
2.91338 1 0
3.83689 1 0
4.96113 1 0
6.29176 1 0
7.83357 1.09615 120.79
9.59087 1.37853 123
11.5677 1.69626 124.05
13.7681 2.04996 124.73
16.196 2.44027 125.21
18.8555 2.86783 125.56
21.7507 3.33331 125.81
24.886 3.8374 125.99
28.2661 4.38081 126.11
31.8954 4.96428 126.19
35.7789 5.58858 126.23
39.9217 6.25449 126.23
44.329 6.96283 126.21
49.0061 7.71446 126.17
53.9585 8.51022 126.11
59.1921 9.35101 126.03
64.7125 10.2377 125.93
70.5258 11.1713 125.82
76.638 12.1527 125.7
83.0553 13.1829 125.58
89.784 14.2627 125.44
96.8305 15.3933 125.29
104.201 16.5756 125.14
111.903 17.8106 124.98
119.942 19.0993 124.81
128.325 20.4428 124.64
137.06 21.842 124.46
146.152 23.298 124.28
155.608 24.8118 124.1
165.436 26.3845 123.91
175.642 28.017 123.71
186.233 29.7103 123.52
197.215 31.4655 123.32
208.596 33.2836 123.12
220.383 35.1655 122.91
232.582 37.1122 122.71
245.199 39.1247 122.5
258.243 41.2039 122.29
271.718 43.3509 122.07
285.632 45.5664 121.86
299.991 47.8514 121.64
314.802 50.2069 121.42
330.07 52.6335 121.2
345.803 55.1322 120.98
362.005 57.7038 120.76
378.684 60.3491 120.53
395.844 63.0688 120.3
413.492 65.8636 120.08
431.633 68.7342 119.85
450.272 71.6814 119.61
469.416 74.7056 119.38
489.067 77.8076 119.15
509.233 80.9877 118.91
529.916 84.2467 118.68
551.123 87.5849 118.44
572.857 91.0027 118.2
595.121 94.5006 117.96
617.92 98.0788 117.72
641.258 101.738 117.48
665.137 105.477 117.24
689.561 109.298 117
714.534 113.2 116.75
740.056 117.184 116.5
766.131 121.249 116.26
792.76 125.395 116.01
819.946 129.622 115.76
847.689 133.931 115.51
875.992 138.321 115.26
904.854 142.791 115
934.277 147.342 114.75
964.26 151.973 114.5
994.804 156.684 114.24
1025.91 161.474 113.98
1057.57 166.343 113.73
1089.8 171.29 113.47
1122.58 176.314 113.21
1155.91 181.416 112.94
1189.8 186.593 112.68
1224.24 191.846 112.42
1259.16 197.164 112.15
1294.49 202.541 111.89
1330.22 207.974 111.62
1366.33 213.46 111.35
1402.79 218.993 111.08
1439.57 224.572 110.81
1476.65 230.191 110.53
1514.01 235.847 110.25
1551.6 241.535 109.98
1589.4 247.251 109.7
1627.38 252.99 109.41
1665.51 258.747 109.13
1703.74 264.517 108.85
1742.05 270.296 108.56
1780.39 276.077 108.27
1818.73 281.856 107.98
1857.03 287.627 107.69
1895.25 293.385 107.39
1933.35 299.123 107.09
1971.28 304.837 106.8
2009.02 310.521 106.5
2046.51 316.169 106.19
2083.71 321.775 105.89
2120.58 327.333 105.58
2157.07 332.838 105.27
2193.16 338.284 104.96
2228.78 343.665 104.65
2263.89 348.975 104.33
2298.47 354.209 104.02
2332.45 359.362 103.7
2365.8 364.427 103.38
2398.48 369.399 103.06
2430.45 374.273 102.73
2461.66 379.044 102.4
2492.07 383.705 102.07
2521.65 388.254 101.74
2550.36 392.683 101.41
2578.16 396.989 101.08
2605 401.166 100.74
2630.87 405.21 100.4
2655.72 409.117 100.06
2679.51 412.882 99.72
2702.22 416.501 99.37
2723.81 419.969 99.02
2744.26 423.283 98.68
2763.53 426.439 98.33
2781.6 429.434 97.97
2798.44 432.263 97.62
2814.03 434.923 97.26
2828.34 437.411 96.9
2841.36 439.724 96.54
2853.05 441.859 96.18
2863.41 443.813 95.81
2872.42 445.583 95.45
2880.06 447.167 95.08
2886.31 448.563 94.71
2891.16 449.768 94.33
2894.61 450.78 93.96
2896.65 451.598 93.58
2897.26 452.219 93.2
2896.44 452.642 92.82
2894.19 452.866 92.44
2890.51 452.89 92.05
2885.39 452.712 91.66
2878.84 452.332 91.27
2870.86 451.749 90.88
2861.45 450.963 90.48
2850.62 449.974 90.09
2838.39 448.782 89.69
2824.76 447.386 89.29
2809.74 445.789 88.88
2793.36 443.989 88.47
2775.62 441.989 88.06
2756.54 439.79 87.65
2736.15 437.393 87.24
2714.47 434.801 86.82
2691.51 432.014 86.4
2667.32 429.037 85.97
2641.91 425.871 85.55
2615.32 422.519 85.12
2587.58 418.985 84.68
2558.72 415.273 84.25
2528.78 411.387 83.81
2497.79 407.33 83.37
2465.8 403.108 82.92
2432.85 398.726 82.47
2398.97 394.188 82.02
2364.21 389.501 81.57
2328.62 384.67 81.11
2292.25 379.702 80.65
2255.13 374.603 80.18
2217.33 369.381 79.71
2178.89 364.042 79.24
2139.87 358.593 78.76
2100.3 353.043 78.28
2060.26 347.4 77.79
2019.78 341.672 77.31
1978.94 335.867 76.81
1937.76 329.994 76.32
1896.33 324.061 75.82
1854.67 318.079 75.31
1812.86 312.055 74.8
1770.94 306 74.29
1728.97 299.923 73.77
1687 293.832 73.25
1645.08 287.739 72.73
1603.27 281.651 72.2
1561.6 275.578 71.67
1520.13 269.531 71.13
1478.92 263.517 70.59
1437.99 257.546 70.04
1397.4 251.627 69.49
1357.19 245.768 68.94
1317.4 239.978 68.38
1278.07 234.264 67.82
1239.23 228.634 67.26
1200.92 223.094 66.69
1163.16 217.65 66.12
1126 212.309 65.54
1089.46 207.075 64.96
1053.56 201.951 64.38
1018.33 196.941 63.8
983.777 192.046 63.21
949.931 187.266 62.63
916.803 182.6 62.04
884.405 178.048 61.44
852.749 173.605 60.85
821.842 169.267 60.25
791.689 165.03 59.66
762.294 160.886 59.06
733.656 156.829 58.47
705.773 152.851 57.87
678.643 148.946 57.28
652.258 145.105 56.68
626.61 141.323 56.09
601.689 137.59 55.5
577.482 133.902 54.92
553.976 130.252 54.33
531.154 126.634 53.75
508.999 123.044 53.17
487.492 119.477 52.6
466.613 115.929 52.02
446.34 112.397 51.46
426.652 108.877 50.89
407.524 105.367 50.33
388.934 101.865 49.77
370.858 98.3683 49.21
353.27 94.8754 48.65
336.149 91.3852 48.1
319.469 87.8963 47.54
303.208 84.4079 46.98
287.345 80.9192 46.42
271.858 77.4297 45.85
256.729 73.9391 45.27
241.939 70.447 44.69
227.474 66.9533 44.09
213.321 63.458 43.49
199.468 59.9608 42.86
185.906 56.4614 42.22
172.632 52.9592 41.56
159.64 49.4509 40.87
146.932 45.9341 40.15
134.509 42.4159 39.4
122.378 38.9053 38.6
110.548 35.4121 37.76
99.0285 31.9469 36.86
87.8331 28.5207 35.88
76.9778 25.1457 34.83
66.482 21.8351 33.67
56.3695 18.6038 32.38
46.6709 15.4687 30.91
37.425 12.4498 29.19
28.6863 9.57232 27.13
20.5363 6.87099 24.52
13.1109 4.40035 20.9
6.67181 2.26553 14.94
1.8886 1 0
1 1 0
1 1 0
1 1 0
1 1 0
1 1 0
1 1 0
1 1 0
1 1 0
1 1 0
1 1 0
1 1 0
1 1 0
1 1 0
1 1 0
1 1 0
1 1 0
1 1 0
1 1 0
1 1 0
1 1 0
1 1 0
1 1 0
1 1 0
1 1 0
1 1 0
1 1 0
1 1 0
1 1 0
1 1 0
1 1 0
1 1 0
1 1 0
1 1 0
1 1 0
1 1 0
1 1 0
1 1 0
