1 1 0
1 1 0
1 1 0
1 1 0
1.00022 1 0
1.018 1 0
1.11898 1 0
1.37964 1 0
1.86047 1 0
2.60404 1 0
3.63914 1 0
4.98511 1 0
6.65506 1 0
8.65812 1.34475 116.18
11.001 1.75778 117.91
13.6889 2.23192 119.1
16.7263 2.76796 119.98
20.1173 3.36661 120.67
23.8657 4.02854 121.2
27.9756 4.75446 121.62
32.4511 5.54508 121.96
37.2967 6.40114 122.22
42.5171 7.32343 122.42
48.1173 8.31279 122.57
54.1023 9.3701 122.68
60.4777 10.4963 122.76
67.2493 11.6923 122.8
74.4233 12.9591 122.82
82.0057 14.2977 122.81
90.0028 15.7093 122.78
98.4213 17.1948 122.74
107.268 18.7554 122.67
116.55 20.3923 122.6
126.273 22.1064 122.51
136.447 23.899 122.41
147.076 25.7712 122.3
158.168 27.7241 122.18
169.732 29.7589 122.05
181.773 31.8767 121.91
194.3 34.0787 121.76
207.319 36.3659 121.61
220.839 38.7395 121.45
234.865 41.2005 121.29
249.405 43.75 121.12
264.467 46.389 120.95
280.056 49.1185 120.77
296.18 51.9395 120.59
312.846 54.8529 120.4
330.06 57.8596 120.21
347.828 60.9605 120.02
366.158 64.1563 119.82
385.054 67.4479 119.62
404.523 70.8359 119.42
424.57 74.321 119.21
445.201 77.9038 119
466.419 81.5848 118.79
488.233 85.3646 118.58
510.645 89.2436 118.36
533.659 93.2221 118.14
557.279 97.3004 117.92
581.509 101.479 117.7
606.355 105.757 117.47
631.816 110.136 117.25
657.896 114.615 117.02
684.601 119.194 116.79
711.927 123.874 116.55
739.88 128.653 116.32
768.458 133.532 116.08
797.667 138.509 115.85
827.502 143.586 115.61
857.966 148.76 115.36
889.056 154.032 115.12
920.776 159.401 114.88
953.122 164.865 114.63
986.091 170.424 114.38
1019.68 176.077 114.13
1053.89 181.824 113.88
1088.72 187.661 113.63
1124.16 193.589 113.38
1160.21 199.607 113.12
1196.87 205.711 112.87
1234.13 211.902 112.61
1271.97 218.177 112.35
1310.34 224.525 112.09
1349.17 230.942 111.82
1388.46 237.424 111.56
1428.18 243.965 111.29
1468.3 250.562 111.02
1508.8 257.21 110.75
1549.64 263.905 110.48
1590.8 270.641 110.21
1632.25 277.413 109.93
1673.94 284.216 109.65
1715.86 291.044 109.37
1757.95 297.891 109.09
1800.19 304.752 108.81
1842.53 311.62 108.52
1884.95 318.49 108.24
1927.38 325.355 107.95
1969.8 332.208 107.65
2012.16 339.044 107.36
2054.42 345.856 107.07
2096.53 352.637 106.77
2138.45 359.381 106.47
2180.13 366.081 106.17
2221.54 372.73 105.86
2262.61 379.323 105.56
2303.31 385.852 105.25
2343.59 392.312 104.94
2383.41 398.694 104.63
2422.71 404.994 104.31
2461.45 411.205 104
2499.59 417.32 103.68
2537.07 423.334 103.36
2573.86 429.24 103.04
2609.91 435.033 102.71
2645.17 440.707 102.39
2679.61 446.256 102.06
2713.17 451.674 101.73
2745.82 456.956 101.4
2777.52 462.098 101.06
2808.22 467.093 100.73
2837.89 471.937 100.39
2866.49 476.626 100.05
2893.99 481.153 99.71
2920.33 485.516 99.36
2945.51 489.709 99.02
2969.46 493.728 98.67
2992.18 497.57 98.32
3013.63 501.229 97.97
3033.77 504.704 97.62
3052.58 507.989 97.26
3070.03 511.081 96.9
3086.1 513.977 96.54
3100.77 516.674 96.18
3114.01 519.168 95.82
3125.81 521.457 95.45
3136.13 523.537 95.09
3144.97 525.407 94.72
3152.32 527.063 94.35
3158.16 528.503 93.97
3162.46 529.724 93.6
3165.23 530.725 93.22
3166.45 531.504 92.84
3166.12 532.058 92.46
3164.23 532.386 92.08
3160.78 532.486 91.69
3155.76 532.357 91.31
3149.19 531.997 90.92
3141.04 531.406 90.52
3131.34 530.582 90.13
3120.08 529.526 89.73
3107.28 528.235 89.33
3092.93 526.711 88.93
3077.06 524.953 88.53
3059.68 522.962 88.12
3040.8 520.737 87.71
3020.43 518.279 87.3
2998.61 515.59 86.89
2975.34 512.67 86.47
2950.66 509.522 86.05
2924.58 506.147 85.63
2897.14 502.547 85.2
2868.37 498.725 84.77
2838.3 494.684 84.34
2806.95 490.427 83.9
2774.38 485.958 83.47
2740.61 481.281 83.03
2705.69 476.4 82.58
2669.67 471.32 82.13
2632.57 466.047 81.68
2594.46 460.585 81.23
2555.37 454.942 80.77
2515.36 449.123 80.31
2474.49 443.136 79.84
2432.78 436.987 79.37
2390.33 430.685 78.9
2347.16 424.237 78.42
2303.34 417.652 77.94
2258.93 410.939 77.45
2213.98 404.108 76.96
2168.57 397.167 76.47
2122.74 390.127 75.97
2076.56 382.997 75.47
2030.08 375.789 74.96
1983.38 368.512 74.45
1936.5 361.179 73.94
1889.52 353.799 73.42
1842.49 346.385 72.89
1795.48 338.948 72.36
1748.54 331.498 71.83
1701.73 324.048 71.29
1655.1 316.609 70.75
1608.72 309.192 70.2
1562.64 301.809 69.65
1516.91 294.47 69.1
1471.58 287.186 68.54
1426.69 279.969 67.97
1382.3 272.827 67.41
1338.46 265.771 66.83
1295.19 258.81 66.26
1252.55 251.952 65.68
1210.56 245.206 65.09
1169.27 238.577 64.51
1128.7 232.074 63.91
1088.87 225.7 63.32
1049.83 219.46 62.72
1011.58 213.357 62.12
974.141 207.394 61.52
937.538 201.569 60.92
901.778 195.883 60.31
866.87 190.334 59.7
832.823 184.916 59.09
799.636 179.627 58.48
767.311 174.458 57.87
735.847 169.404 57.26
705.233 164.455 56.65
675.461 159.603 56.04
646.523 154.839 55.43
618.4 150.152 54.82
591.08 145.534 54.21
564.538 140.974 53.6
538.756 136.464 53
513.708 131.994 52.39
489.371 127.556 51.79
465.717 123.142 51.18
442.718 118.743 50.58
420.346 114.353 49.97
398.568 109.963 49.36
377.36 105.566 48.75
356.686 101.153 48.14
336.521 96.7175 47.52
316.836 92.246 46.89
297.602 87.7324 46.25
278.796 83.1764 45.6
260.394 78.5788 44.94
242.379 73.9422 44.25
224.732 69.2704 43.55
207.442 64.5688 42.82
190.502 59.8445 42.06
173.91 55.1066 41.26
157.669 50.3656 40.41
141.794 45.6354 39.52
126.299 40.931 38.55
111.215 36.272 37.52
96.5763 31.6792 36.38
82.431 27.1787 35.13
68.8371 22.7998 33.72
55.8725 18.5782 32.11
43.6368 14.5573 30.22
32.2611 10.7912 27.91
21.9258 7.3505 24.93
12.8967 4.33659 20.69
5.61689 1.92467 13.21
1.14329 1 0
1 1 0
1 1 0
1 1 0
1 1 0
1 1 0
1 1 0
1 1 0
1 1 0
1 1 0
1 1 0
1 1 0
1 1 0
1 1 0
1 1 0
1 1 0
1 1 0
1 1 0
1 1 0
1 1 0
1 1 0
1 1 0
1 1 0
1 1 0
1 1 0
1 1 0
1 1 0
1 1 0
1 1 0
1 1 0
1 1 0
1 1 0
1 1 0
1 1 0
1 1 0
1 1 0
1 1 0
1 1 0
1 1 0
1 1 0
1 1 0
1 1 0
1 1 0
1 1 0
1 1 0
1 1 0
1 1 0
