1.06541 1 0
1.51801 1 0
2.13048 1 0
2.9701 1 0
4.05247 1 0
5.38881 1 0
6.98819 1.08032 123.94
8.8583 1.41934 126.11
11.006 1.80894 127.21
13.4378 2.25026 127.95
16.1598 2.74443 128.46
19.178 3.29251 128.84
22.4984 3.89559 129.11
26.1271 4.55476 129.3
30.0703 5.2711 129.44
34.3343 6.04574 129.52
38.9256 6.87983 129.57
43.8508 7.77454 129.58
49.1167 8.73106 129.56
54.7304 9.75062 129.52
60.6989 10.8345 129.46
67.0294 11.9839 129.38
73.7297 13.2001 129.28
80.8071 14.4845 129.18
88.2693 15.8384 129.06
96.124 17.2631 128.92
104.379 18.7601 128.78
113.044 20.3305 128.64
122.124 21.976 128.48
131.63 23.6977 128.32
141.569 25.4971 128.15
151.949 27.3756 127.97
162.778 29.3346 127.79
174.066 31.3755 127.61
185.82 33.4995 127.42
198.048 35.7082 127.22
210.76 38.0027 127.03
223.962 40.3845 126.83
237.664 42.8549 126.62
251.874 45.4151 126.42
266.598 48.0664 126.21
281.848 50.8101 126
297.628 53.6473 125.79
313.948 56.5793 125.57
330.814 59.6072 125.35
348.235 62.732 125.13
366.218 65.9549 124.91
384.77 69.2769 124.69
403.898 72.6989 124.46
423.609 76.2218 124.23
443.909 79.8466 124
464.807 83.5741 123.77
486.305 87.405 123.54
508.412 91.34 123.31
531.134 95.3798 123.07
554.474 99.5249 122.84
578.44 103.776 122.6
603.034 108.133 122.36
628.262 112.597 122.12
654.129 117.168 121.88
680.637 121.847 121.63
707.793 126.633 121.39
735.597 131.526 121.14
764.054 136.527 120.9
793.165 141.635 120.65
822.932 146.85 120.4
853.358 152.172 120.15
884.444 157.601 119.9
916.19 163.136 119.65
948.598 168.777 119.39
981.667 174.523 119.14
1015.4 180.373 118.88
1049.79 186.326 118.62
1084.84 192.382 118.36
1120.54 198.54 118.11
1156.91 204.798 117.84
1193.92 211.156 117.58
1231.59 217.612 117.32
1269.9 224.164 117.05
1308.85 230.812 116.79
1348.44 237.554 116.52
1388.67 244.388 116.25
1429.52 251.312 115.98
1470.99 258.324 115.71
1513.08 265.424 115.44
1555.78 272.608 115.17
1599.08 279.875 114.9
1642.98 287.223 114.62
1687.46 294.648 114.34
1732.52 302.15 114.07
1778.15 309.726 113.79
1824.35 317.373 113.51
1871.09 325.089 113.23
1918.37 332.871 112.94
1966.19 340.716 112.66
2014.52 348.623 112.37
2063.37 356.589 112.09
2112.66 364.603 111.8
2162.25 372.646 111.51
2212.07 380.711 111.22
2262.09 388.789 110.93
2312.28 396.876 110.63
2362.58 404.965 110.34
2412.95 413.047 110.04
2463.35 421.118 109.74
2513.72 429.168 109.44
2564.03 437.191 109.13
2614.21 445.181 108.83
2664.22 453.128 108.52
2714.01 461.027 108.21
2763.52 468.87 107.9
2812.71 476.649 107.59
2861.52 484.357 107.27
2909.89 491.987 106.96
2957.78 499.531 106.64
3005.12 506.983 106.32
3051.88 514.335 106
3097.98 521.58 105.67
3143.38 528.712 105.35
3188.02 535.723 105.02
3231.85 542.608 104.69
3274.83 549.359 104.36
3316.89 555.97 104.03
3357.99 562.435 103.69
3398.07 568.748 103.36
3437.09 574.903 103.02
3475.01 580.894 102.68
3511.76 586.717 102.34
3547.3 592.365 101.99
3581.6 597.833 101.65
3614.61 603.116 101.3
3646.28 608.21 100.95
3676.57 613.109 100.6
3705.45 617.809 100.25
3732.88 622.306 99.89
3758.81 626.595 99.54
3783.21 630.671 99.18
3806.05 634.531 98.82
3827.3 638.171 98.46
3846.92 641.587 98.1
3864.89 644.775 97.74
3881.17 647.731 97.37
3895.74 650.452 97
3908.57 652.934 96.63
3919.66 655.173 96.26
3928.95 657.168 95.89
3936.45 658.913 95.52
3942.11 660.406 95.14
3945.96 661.644 94.76
3947.94 662.623 94.38
3948.05 663.341 94
3946.29 663.795 93.62
3942.63 663.982 93.24
3937.08 663.899 92.85
3929.61 663.544 92.46
3920.25 662.913 92.07
3908.96 662.006 91.68
3895.76 660.819 91.28
3880.64 659.351 90.89
3863.62 657.599 90.49
3844.69 655.563 90.09
3823.86 653.24 89.68
3801.15 650.629 89.28
3776.56 647.73 88.87
3750.1 644.542 88.46
3721.81 641.065 88.05
3691.69 637.298 87.63
3659.78 633.241 87.21
3626.09 628.897 86.79
3590.65 624.265 86.37
3553.51 619.348 85.94
3514.68 614.148 85.51
3474.22 608.667 85.07
3432.15 602.908 84.63
3388.53 596.875 84.19
3343.4 590.573 83.75
3296.8 584.006 83.3
3248.81 577.18 82.85
3199.46 570.101 82.39
3148.82 562.775 81.93
3096.96 555.211 81.47
3043.93 547.416 81
2989.8 539.399 80.53
2934.66 531.169 80.05
2878.56 522.737 79.57
2821.59 514.113 79.09
2763.82 505.309 78.6
2705.33 496.337 78.1
2646.21 487.21 77.6
2586.54 477.94 77.1
2526.4 468.541 76.59
2465.87 459.029 76.07
2405.05 449.417 75.55
2344.02 439.72 75.03
2282.86 429.955 74.5
2221.66 420.137 73.96
2160.52 410.283 73.42
2099.5 400.407 72.88
2038.7 390.528 72.32
1978.2 380.661 71.77
1918.08 370.822 71.2
1858.41 361.029 70.64
1799.29 351.296 70.06
1740.76 341.641 69.48
1682.91 332.078 68.9
1625.81 322.622 68.31
1569.51 313.288 67.72
1514.08 304.089 67.12
1459.57 295.038 66.51
1406.03 286.148 65.91
1353.52 277.428 65.29
1302.06 268.889 64.67
1251.72 260.539 64.05
1202.5 252.386 63.43
1154.45 244.434 62.8
1107.59 236.687 62.16
1061.94 229.147 61.53
1017.51 221.815 60.89
974.313 214.687 60.25
932.351 207.761 59.61
891.628 201.03 58.96
852.135 194.486 58.32
813.868 188.12 57.67
776.81 181.921 57.02
740.944 175.877 56.38
706.251 169.976 55.73
672.703 164.204 55.09
640.273 158.548 54.44
608.928 152.996 53.8
578.633 147.534 53.16
549.351 142.15 52.52
521.044 136.833 51.88
493.669 131.573 51.25
467.185 126.357 50.61
441.546 121.178 49.97
416.712 116.024 49.33
392.636 110.888 48.69
369.277 105.758 48.04
346.592 100.626 47.38
324.543 95.4762 46.72
303.09 90.2991 46.05
282.199 85.0939 45.36
261.838 79.8623 44.66
241.979 74.6076 43.93
222.601 69.3355 43.17
203.684 64.0526 42.39
185.217 58.7678 41.57
167.195 53.4919 40.69
149.621 48.2382 39.77
132.506 43.0227 38.77
115.873 37.8646 37.69
99.7553 32.7869 36.5
84.2002 27.817 35.17
69.277 22.9898 33.67
55.0769 18.3473 31.91
41.7248 13.9432 29.8
29.4002 9.8494 27.14
18.3718 6.16891 23.5
9.07584 3.06606 17.69
2.39851 1 0
1 1 0
1 1 0
1 1 0
1 1 0
1 1 0
1 1 0
1 1 0
1 1 0
1 1 0
1 1 0
1 1 0
1 1 0
1 1 0
1 1 0
1 1 0
1 1 0
1 1 0
1 1 0
1 1 0
1 1 0
1 1 0
1 1 0
1 1 0
1 1 0
1 1 0
1 1 0
1 1 0
1 1 0
1 1 0
1 1 0
1 1 0
1 1 0
1 1 0
1 1 0
1 1 0
1 1 0
1 1 0
1 1 0
1 1 0
1 1 0
1 1 0
