1.02291 1 0
1.50728 1 0
2.52958 1 0
4.25486 1 0
6.79469 1.15923 127.45
10.2354 1.85263 130.81
14.6454 2.74294 132.67
20.0807 3.84165 133.95
26.5882 5.15839 134.88
34.2093 6.70154 135.59
42.9808 8.47856 136.14
52.937 10.4963 136.56
64.1102 12.7612 136.88
76.5315 15.2794 137.13
90.231 18.0567 137.31
105.239 21.0989 137.44
121.585 24.4116 137.53
139.297 28.0004 137.58
158.405 31.8705 137.6
178.938 36.0273 137.59
200.924 40.4759 137.56
224.39 45.2214 137.5
249.365 50.2685 137.43
275.876 55.6221 137.34
303.948 61.2864 137.24
333.609 67.2659 137.13
364.882 73.5645 137
397.794 80.1858 136.86
432.365 87.1334 136.71
468.618 94.4102 136.56
506.574 102.019 136.39
546.25 109.962 136.22
587.666 118.241 136.04
630.832 126.858 135.85
675.769 135.813 135.66
722.483 145.107 135.46
770.985 154.739 135.26
821.284 164.71 135.05
873.383 175.017 134.84
927.287 185.659 134.62
982.992 196.634 134.4
1040.5 207.939 134.17
1099.81 219.569 133.94
1160.9 231.521 133.7
1223.77 243.79 133.46
1288.41 256.369 133.22
1354.79 269.254 132.97
1422.91 282.437 132.72
1492.73 295.91 132.47
1564.23 309.665 132.21
1637.39 323.694 131.95
1712.17 337.986 131.69
1788.54 352.532 131.42
1866.46 367.322 131.15
1945.9 382.344 130.88
2026.8 397.585 130.6
2109.13 413.035 130.32
2192.83 428.68 130.04
2277.86 444.507 129.75
2364.16 460.502 129.46
2451.68 476.651 129.17
2540.37 492.941 128.87
2630.15 509.355 128.58
2720.97 525.88 128.27
2812.77 542.5 127.97
2905.48 559.201 127.66
2999.03 575.965 127.35
3093.36 592.779 127.04
3188.4 609.626 126.72
3284.08 626.491 126.4
3380.33 643.358 126.08
3477.06 660.212 125.76
3574.23 677.039 125.43
3671.76 693.822 125.1
3769.56 710.548 124.77
3867.58 727.202 124.43
3965.73 743.769 124.09
4063.95 760.236 123.75
4162.17 776.59 123.41
4260.29 792.813 123.06
4358.04 808.866 122.72
4455.3 824.729 122.36
4551.96 840.387 122.01
4647.93 855.823 121.65
4743.1 871.025 121.29
4837.37 885.978 120.93
4930.64 900.668 120.56
5022.82 915.085 120.2
5113.82 929.216 119.83
5203.54 943.051 119.45
5291.9 956.581 119.08
5378.81 969.798 118.7
5464.2 982.693 118.32
5547.98 995.26 117.94
5630.09 1007.49 117.56
5710.46 1019.39 117.17
5789.03 1030.95 116.79
5865.74 1042.16 116.4
5940.54 1053.02 116.01
6013.38 1063.54 115.62
6084.25 1073.72 115.22
6153.11 1083.56 114.83
6219.94 1093.06 114.43
6284.71 1102.22 114.04
6347.4 1111.05 113.64
6408.01 1119.55 113.24
6466.52 1127.73 112.84
6522.91 1135.59 112.44
6577.2 1143.14 112.04
6629.37 1150.38 111.64
6679.43 1157.31 111.24
6727.38 1163.95 110.84
6773.22 1170.29 110.43
6816.96 1176.34 110.03
6858.61 1182.11 109.63
6898.16 1187.61 109.23
6935.64 1192.83 108.83
6971.06 1197.79 108.43
7004.41 1202.48 108.03
7035.71 1206.92 107.63
7064.97 1211.1 107.23
7092.2 1215.03 106.83
7117.42 1218.71 106.43
7140.62 1222.15 106.03
7161.82 1225.35 105.64
7181.02 1228.31 105.24
7198.23 1231.04 104.85
7213.45 1233.53 104.45
7226.7 1235.78 104.06
7237.96 1237.8 103.67
7247.25 1239.59 103.28
7254.56 1241.15 102.89
7259.88 1242.48 102.5
7263.23 1243.57 102.11
7264.58 1244.42 101.72
7263.94 1245.04 101.34
7261.29 1245.42 100.95
7256.62 1245.55 100.57
7249.93 1245.44 100.18
7241.21 1245.08 99.8
7230.42 1244.46 99.42
7217.56 1243.59 99.04
7202.61 1242.45 98.66
7185.54 1241.04 98.28
7166.35 1239.36 97.9
7144.99 1237.4 97.52
7121.46 1235.14 97.14
7095.71 1232.6 96.77
7067.74 1229.75 96.39
7037.51 1226.59 96.01
7004.99 1223.11 95.63
6970.15 1219.3 95.25
6932.97 1215.16 94.88
6893.42 1210.67 94.5
6851.47 1205.83 94.12
6807.09 1200.63 93.74
6760.26 1195.05 93.36
6710.95 1189.09 92.97
6659.14 1182.74 92.59
6604.81 1175.99 92.21
6547.95 1168.83 91.82
6488.52 1161.25 91.43
6426.53 1153.24 91.04
6361.96 1144.79 90.65
6294.81 1135.9 90.26
6225.08 1126.56 89.86
6152.78 1116.76 89.46
6077.91 1106.49 89.06
6000.5 1095.75 88.65
5920.56 1084.54 88.24
5838.14 1072.85 87.83
5753.27 1060.68 87.41
5665.99 1048.03 86.99
5576.35 1034.9 86.57
5484.43 1021.29 86.14
5390.28 1007.21 85.71
5294.01 992.657 85.27
5195.68 977.646 84.82
5095.4 962.184 84.38
4993.28 946.282 83.92
4889.42 929.954 83.46
4783.97 913.215 83
4677.04 896.083 82.53
4568.79 878.578 82.05
4459.34 860.72 81.57
4348.87 842.535 81.08
4237.53 824.047 80.58
4125.49 805.285 80.08
4012.92 786.277 79.57
3899.99 767.055 79.05
3786.89 747.651 78.53
3673.78 728.098 77.99
3560.86 708.432 77.46
3448.3 688.689 76.91
3336.28 668.904 76.36
3224.97 649.116 75.8
3114.56 629.36 75.23
3005.21 609.675 74.65
2897.08 590.098 74.07
2790.33 570.664 73.48
2685.11 551.411 72.88
2581.57 532.372 72.28
2479.85 513.583 71.66
2380.05 495.075 71.04
2282.31 476.88 70.42
2186.72 459.028 69.78
2093.39 441.545 69.14
2002.4 424.458 68.49
1913.82 407.789 67.84
1827.72 391.56 67.18
1744.14 375.79 66.51
1663.13 360.494 65.84
1584.73 345.686 65.16
1508.95 331.377 64.48
1435.81 317.573 63.79
1365.29 304.279 63.09
1297.41 291.496 62.4
1232.13 279.223 61.69
1169.43 267.453 60.99
1109.28 256.178 60.28
1051.64 245.384 59.58
996.448 235.056 58.87
943.654 225.175 58.16
893.194 215.717 57.45
844.997 206.66 56.75
798.988 197.975 56.04
755.088 189.634 55.34
713.21 181.61 54.64
673.263 173.872 53.95
635.163 166.394 53.26
598.805 159.147 52.57
564.097 152.105 51.89
530.941 145.244 51.21
499.236 138.541 50.53
468.884 131.974 49.86
439.786 125.522 49.19
411.851 119.164 48.51
384.985 112.879 47.83
359.1 106.643 47.15
334.115 100.439 46.46
309.957 94.2615 45.75
286.557 88.1046 45.03
263.861 81.9671 44.29
241.819 75.8504 43.51
220.405 69.7616 42.71
199.597 63.7091 41.87
179.38 57.7038 40.98
159.749 51.7584 40.03
140.708 45.889 39.01
122.273 40.1144 37.89
104.475 34.4582 36.66
87.3597 28.9489 35.29
70.999 23.6232 33.71
55.4956 18.5281 31.85
40.9976 13.7257 29.57
27.7245 9.30254 26.62
16.0276 5.39071 22.37
6.54441 2.23127 14.68
1.01079 1 0
1 1 0
1 1 0
1 1 0
1 1 0
1 1 0
1 1 0
1 1 0
1 1 0
1 1 0
1 1 0
1 1 0
1 1 0
1 1 0
1 1 0
1 1 0
1 1 0
1 1 0
1 1 0
1 1 0
1 1 0
1 1 0
1 1 0
1 1 0
1 1 0
1 1 0
1 1 0
1 1 0
1 1 0
1 1 0
1 1 0
1 1 0
1 1 0
1 1 0
1 1 0
1 1 0
1 1 0
1 1 0
1 1 0
1 1 0
1 1 0
1 1 0
1 1 0
