1.00202 1 0
1.27235 1 0
2.15483 1 0
3.81105 1 0
6.28357 1 0
9.5616 1.54591 130.37
13.6138 2.27797 132.43
18.4037 3.14324 133.7
23.8958 4.13527 134.55
30.0587 5.24827 135.14
36.8655 6.47731 135.54
44.2938 7.81825 135.82
52.3255 9.26773 135.99
60.9463 10.823 136.09
70.1447 12.482 136.13
79.9123 14.243 136.12
90.243 16.1049 136.07
101.132 18.0666 135.99
112.578 20.1276 135.88
124.579 22.2876 135.75
137.135 24.5465 135.6
150.247 26.9042 135.44
163.917 29.3609 135.26
178.147 31.917 135.06
192.941 34.5727 134.86
208.303 37.3287 134.65
224.235 40.1853 134.43
240.743 43.1432 134.21
257.831 46.2029 133.98
275.504 49.3651 133.74
293.766 52.6304 133.5
312.623 55.9994 133.25
332.078 59.4728 133
352.138 63.0512 132.75
372.807 66.7351 132.5
394.09 70.5251 132.24
415.99 74.4217 131.98
438.514 78.4254 131.72
461.664 82.5368 131.45
485.446 86.7561 131.19
509.863 91.0837 130.92
534.918 95.5198 130.65
560.615 100.065 130.38
586.958 104.719 130.1
613.949 109.482 129.83
641.589 114.354 129.55
669.883 119.335 129.28
698.831 124.425 129
728.434 129.624 128.72
758.694 134.931 128.44
789.611 140.346 128.16
821.185 145.869 127.88
853.416 151.498 127.6
886.305 157.235 127.32
919.848 163.076 127.03
954.046 169.023 126.75
988.895 175.074 126.46
1024.39 181.227 126.18
1060.54 187.483 125.89
1097.33 193.839 125.6
1134.76 200.294 125.31
1172.82 206.848 125.02
1211.51 213.498 124.73
1250.83 220.243 124.44
1290.77 227.082 124.15
1331.32 234.012 123.86
1372.47 241.032 123.56
1414.23 248.14 123.27
1456.57 255.334 122.97
1499.5 262.612 122.68
1543.01 269.971 122.38
1587.07 277.41 122.08
1631.7 284.926 121.78
1676.87 292.517 121.48
1722.57 300.18 121.18
1768.8 307.912 120.88
1815.54 315.712 120.58
1862.79 323.576 120.28
1910.52 331.503 119.97
1958.73 339.488 119.67
2007.41 347.529 119.36
2056.54 355.623 119.05
2106.1 363.768 118.75
2156.09 371.961 118.44
2206.49 380.197 118.13
2257.29 388.475 117.82
2308.47 396.792 117.51
2360.02 405.144 117.19
2411.91 413.528 116.88
2464.15 421.941 116.57
2516.71 430.38 116.25
2569.57 438.842 115.93
2622.73 447.323 115.62
2676.16 455.822 115.3
2729.85 464.334 114.98
2783.78 472.856 114.66
2837.95 481.386 114.34
2892.32 489.92 114.02
2946.9 498.455 113.69
3001.65 506.99 113.37
3056.57 515.519 113.04
3111.65 524.041 112.72
3166.85 532.553 112.39
3221.75 540.994 112.06
3276.05 549.325 111.73
3329.69 557.537 111.4
3382.61 565.623 111.06
3434.76 573.576 110.73
3486.07 581.389 110.39
3536.5 589.055 110.05
3585.99 596.568 109.71
3634.49 603.922 109.37
3681.94 611.111 109.02
3728.31 618.129 108.67
3773.54 624.972 108.33
3817.58 631.633 107.98
3860.4 638.109 107.63
3901.95 644.395 107.27
3942.18 650.486 106.92
3981.06 656.379 106.56
4018.55 662.07 106.21
4054.61 667.555 105.85
4089.22 672.831 105.49
4122.32 677.894 105.13
4153.91 682.742 104.77
4183.93 687.371 104.4
4212.37 691.78 104.04
4239.2 695.964 103.67
4264.39 699.923 103.31
4287.92 703.653 102.94
4309.77 707.153 102.57
4329.91 710.42 102.2
4348.32 713.451 101.83
4364.99 716.246 101.45
4379.89 718.801 101.08
4393.02 721.116 100.7
4404.35 723.187 100.33
4413.87 725.013 99.95
4421.58 726.593 99.57
4427.44 727.924 99.19
4431.47 729.004 98.81
4433.65 729.833 98.43
4433.96 730.407 98.04
4432.4 730.724 97.66
4428.97 730.785 97.27
4423.67 730.585 96.89
4416.47 730.124 96.5
4407.4 729.401 96.11
4396.44 728.412 95.72
4383.59 727.157 95.32
4368.86 725.635 94.93
4352.25 723.843 94.53
4333.77 721.78 94.14
4313.41 719.445 93.74
4291.2 716.838 93.34
4267.13 713.956 92.93
4241.22 710.799 92.53
4213.48 707.367 92.12
4183.93 703.658 91.71
4152.58 699.674 91.3
4119.45 695.413 90.89
4084.57 690.876 90.48
4047.96 686.065 90.06
4009.64 680.979 89.64
3969.65 675.62 89.22
3928.01 669.991 88.79
3884.75 664.092 88.36
3839.92 657.927 87.93
3793.55 651.499 87.5
3745.69 644.81 87.06
3696.37 637.866 86.62
3645.64 630.671 86.18
3593.56 623.229 85.73
3540.17 615.546 85.29
3485.53 607.629 84.83
3429.71 599.484 84.38
3372.75 591.119 83.92
3314.73 582.541 83.45
3255.7 573.759 82.98
3195.74 564.782 82.51
3134.92 555.62 82.04
3073.3 546.283 81.55
3010.97 536.781 81.07
2947.99 527.127 80.58
2884.46 517.332 80.09
2820.43 507.408 79.59
2756 497.368 79.09
2691.24 487.226 78.58
2626.24 476.995 78.07
2561.08 466.689 77.55
2495.84 456.322 77.03
2430.6 445.91 76.5
2365.44 435.466 75.97
2300.45 425.006 75.43
2235.69 414.545 74.89
2171.26 404.098 74.34
2107.23 393.679 73.79
2043.67 383.305 73.23
1980.65 372.99 72.66
1918.25 362.748 72.1
1856.53 352.595 71.52
1795.56 342.544 70.94
1735.39 332.608 70.36
1676.1 322.802 69.77
1617.73 313.138 69.17
1560.33 303.628 68.57
1503.96 294.283 67.97
1448.66 285.114 67.36
1394.46 276.132 66.74
1341.4 267.345 66.13
1289.53 258.76 65.5
1238.86 250.385 64.87
1189.42 242.226 64.24
1141.23 234.286 63.6
1094.31 226.568 62.96
1048.67 219.075 62.32
1004.32 211.804 61.67
961.26 204.755 61.02
919.496 197.924 60.37
879.025 191.305 59.72
839.84 184.892 59.06
801.931 178.675 58.41
765.285 172.645 57.75
729.885 166.791 57.09
695.713 161.1 56.44
662.744 155.562 55.78
630.955 150.164 55.13
600.315 144.893 54.48
570.796 139.738 53.82
542.362 134.688 53.18
514.978 129.734 52.53
488.605 124.864 51.89
463.204 120.072 51.25
438.734 115.349 50.61
415.151 110.688 49.98
392.41 106.082 49.34
370.469 101.526 48.71
349.282 97.0132 48.07
328.805 92.5388 47.43
308.994 88.0975 46.79
289.809 83.6843 46.15
271.21 79.2945 45.49
253.161 74.9235 44.82
235.631 70.5665 44.15
218.596 66.2198 43.45
202.043 61.8791 42.73
185.964 57.5459 41.99
170.352 53.229 41.22
155.202 48.938 40.42
140.512 44.6834 39.58
126.285 40.4765 38.69
112.526 36.3295 37.74
99.2444 32.2557 36.72
86.4536 28.2694 35.62
74.1731 24.3865 34.41
62.4283 20.6248 33.07
51.2532 17.0046 31.54
40.6933 13.5498 29.76
30.8118 10.2903 27.62
21.7019 7.26633 24.9
13.5213 4.54078 21.12
6.565 2.2323 14.77
1.62457 1 0
1 1 0
1 1 0
1 1 0
1 1 0
1 1 0
1 1 0
1 1 0
1 1 0
1 1 0
1 1 0
1 1 0
1 1 0
1 1 0
1 1 0
1 1 0
1 1 0
1 1 0
1 1 0
1 1 0
1 1 0
1 1 0
1 1 0
1 1 0
1 1 0
1 1 0
1 1 0
1 1 0
1 1 0
1 1 0
1 1 0
1 1 0
1 1 0
1 1 0
1 1 0
1 1 0
1 1 0
1 1 0
1 1 0
