1 1 0
1 1 0
1 1 0
1 1 0
1 1 0
1 1 0
1 1 0
1 1 0
1 1 0
1 1 0
1 1 0
1 1 0
1 1 0
1 1 0
1 1 0
1 1 0
1 1 0
1 1 0
1 1 0
1 1 0
1 1 0
1 1 0
1 1 0
1 1 0
1.33136 1 0
2.62729 1 0
4.7067 1 0
7.4764 1.09433 106.93
10.8807 1.67117 111.23
14.8821 2.34946 113.58
19.454 3.12463 115.22
24.5768 3.99331 116.45
30.2363 4.95301 117.42
36.4221 6.00187 118.18
43.1265 7.13855 118.8
50.3445 8.36208 119.3
58.0727 9.6718 119.71
66.3094 11.0673 120.05
75.0539 12.5484 120.32
84.3066 14.1151 120.53
94.0688 15.7675 120.7
104.343 17.5057 120.84
115.131 19.3302 120.94
126.436 21.2412 121.01
138.261 23.2393 121.05
150.612 25.325 121.07
163.491 27.4988 121.07
176.903 29.7612 121.05
190.852 32.1128 121.02
205.343 34.5543 120.96
220.381 37.0863 120.9
235.971 39.7093 120.82
252.116 42.4239 120.74
268.823 45.2308 120.64
286.095 48.1305 120.53
303.938 51.1235 120.42
322.356 54.2105 120.29
341.352 57.3917 120.16
360.933 60.6678 120.02
381.101 64.0391 119.87
401.86 67.506 119.72
423.215 71.0688 119.56
445.169 74.7278 119.4
467.725 78.4832 119.23
490.886 82.3352 119.06
514.656 86.2839 118.88
539.035 90.3295 118.7
564.028 94.4718 118.52
589.636 98.7109 118.33
615.86 103.047 118.13
642.702 107.479 117.93
670.163 112.007 117.73
698.244 116.631 117.53
726.944 121.351 117.32
756.265 126.166 117.11
786.205 131.075 116.9
816.763 136.078 116.68
847.94 141.175 116.47
879.734 146.364 116.24
912.143 151.645 116.02
945.163 157.017 115.79
978.794 162.478 115.57
1013.03 168.029 115.33
1047.87 173.667 115.1
1083.32 179.392 114.86
1119.36 185.203 114.63
1155.99 191.098 114.39
1193.2 197.075 114.14
1231.01 203.134 113.9
1269.38 209.273 113.65
1308.33 215.49 113.41
1347.84 221.784 113.16
1387.91 228.153 112.9
1428.52 234.595 112.65
1469.68 241.108 112.39
1511.38 247.691 112.14
1553.6 254.341 111.88
1596.34 261.057 111.61
1639.59 267.837 111.35
1683.35 274.678 111.09
1727.59 281.578 110.82
1772.31 288.535 110.55
1817.51 295.548 110.28
1863.16 302.612 110.01
1909.27 309.728 109.74
1955.81 316.891 109.46
2002.79 324.101 109.18
2050.19 331.353 108.91
2097.99 338.647 108.63
2146.19 345.979 108.34
2194.77 353.348 108.06
2243.45 360.717 107.78
2291.97 368.055 107.49
2340.29 375.355 107.2
2388.35 382.608 106.9
2436.08 389.808 106.61
2483.44 396.946 106.31
2530.36 404.015 106.01
2576.8 411.008 105.71
2622.69 417.916 105.4
2667.97 424.734 105.1
2712.59 431.453 104.79
2756.5 438.066 104.47
2799.65 444.568 104.16
2841.96 450.95 103.84
2883.4 457.207 103.52
2923.91 463.331 103.2
2963.44 469.318 102.88
3001.94 475.16 102.55
3039.36 480.851 102.22
3075.66 486.387 101.89
3110.78 491.761 101.56
3144.68 496.969 101.22
3177.32 502.004 100.88
3208.66 506.862 100.54
3238.65 511.539 100.2
3267.26 516.029 99.86
3294.45 520.329 99.51
3320.19 524.433 99.16
3344.44 528.339 98.81
3367.16 532.041 98.46
3388.33 535.536 98.11
3407.93 538.821 97.75
3425.92 541.891 97.39
3442.27 544.744 97.03
3456.97 547.377 96.67
3469.99 549.785 96.3
3481.32 551.967 95.94
3490.93 553.92 95.57
3498.81 555.64 95.2
3504.94 557.126 94.82
3509.32 558.374 94.45
3511.93 559.383 94.07
3512.76 560.151 93.69
3511.81 560.675 93.31
3509.07 560.953 92.93
3504.54 560.985 92.54
3498.21 560.768 92.15
3490.09 560.301 91.76
3480.19 559.583 91.37
3468.5 558.614 90.97
3455.04 557.391 90.58
3439.81 555.916 90.18
3422.82 554.187 89.77
3404.1 552.204 89.37
3383.65 549.968 88.96
3361.5 547.48 88.55
3337.66 544.739 88.14
3312.16 541.748 87.72
3285.02 538.507 87.3
3256.28 535.019 86.88
3225.96 531.285 86.46
3194.1 527.309 86.03
3160.73 523.093 85.6
3125.9 518.64 85.16
3089.63 513.955 84.72
3051.98 509.042 84.28
3012.99 503.905 83.84
2972.71 498.549 83.39
2931.19 492.981 82.94
2888.49 487.206 82.48
2844.65 481.23 82.02
2799.73 475.062 81.56
2753.81 468.708 81.09
2706.92 462.177 80.62
2659.15 455.476 80.15
2610.55 448.616 79.67
2561.19 441.605 79.18
2511.15 434.454 78.69
2460.48 427.172 78.2
2409.27 419.771 77.71
2357.57 412.261 77.2
2305.46 404.654 76.7
2253.02 396.962 76.19
2200.32 389.196 75.67
2147.42 381.37 75.15
2094.41 373.495 74.63
2041.34 365.584 74.1
1988.31 357.651 73.56
1935.36 349.707 73.02
1882.58 341.766 72.48
1830.03 333.841 71.93
1777.78 325.944 71.38
1725.88 318.088 70.82
1674.41 310.286 70.26
1623.42 302.548 69.69
1572.96 294.888 69.12
1523.1 287.317 68.54
1473.88 279.844 67.96
1425.35 272.48 67.37
1377.56 265.235 66.78
1330.55 258.116 66.19
1284.35 251.132 65.59
1239.01 244.288 64.99
1194.55 237.59 64.39
1151.01 231.041 63.78
1108.4 224.644 63.17
1066.75 218.4 62.56
1026.07 212.309 61.94
986.381 206.367 61.32
947.685 200.571 60.71
909.992 194.916 60.09
873.301 189.395 59.46
837.614 184 58.84
802.921 178.722 58.22
769.217 173.553 57.6
736.487 168.482 56.98
704.719 163.5 56.36
673.891 158.596 55.74
643.985 153.762 55.12
614.974 148.989 54.51
586.836 144.267 53.89
559.538 139.589 53.28
533.054 134.948 52.67
507.347 130.335 52.06
482.389 125.745 51.45
458.141 121.172 50.84
434.574 116.608 50.22
411.647 112.049 49.61
389.329 107.488 48.99
367.587 102.92 48.37
346.387 98.3383 47.75
325.698 93.7364 47.11
305.49 89.1066 46.46
285.739 84.438 45.8
266.421 79.7177 45.12
247.515 74.9463 44.43
229.005 70.1289 43.71
210.881 65.2722 42.96
193.136 60.3846 42.17
175.767 55.4762 41.35
158.78 50.5593 40.48
142.185 45.6482 39.55
126.004 40.7606 38.55
110.265 35.9166 37.46
95.0028 31.1396 36.27
80.2694 26.4577 34.94
66.1332 21.905 33.43
52.683 17.5228 31.68
40.0365 13.3624 29.57
28.3602 9.49161 26.93
17.8987 6.00529 23.35
9.04599 3.05356 17.69
2.58499 1.02904 3.09
1 1 0
1 1 0
1 1 0
1 1 0
1 1 0
1 1 0
1 1 0
1 1 0
1 1 0
1 1 0
1 1 0
1 1 0
1 1 0
1 1 0
1 1 0
1 1 0
1 1 0
1 1 0
1 1 0
1 1 0
1 1 0
1 1 0
1 1 0
1 1 0
1 1 0
1 1 0
1 1 0
1 1 0
1 1 0
1 1 0
1 1 0
1 1 0
1 1 0
1 1 0
1 1 0
1 1 0
1 1 0
