1.01391 1 0
1.26168 1 0
1.73178 1 0
2.46911 1 0
3.49232 1 0
4.81137 1 0
6.43138 1 0
8.35477 1.26067 122.33
10.5827 1.6434 123.94
13.1157 2.07865 124.91
15.9543 2.5665 125.57
19.0992 3.10704 126.04
22.5515 3.70045 126.38
26.3127 4.34695 126.63
30.3846 5.04685 126.79
34.7696 5.80053 126.9
39.4706 6.60845 126.96
44.4907 7.47112 126.97
49.8336 8.38913 126.96
55.5033 9.36312 126.92
61.5039 10.3938 126.85
67.8403 11.4819 126.77
74.5172 12.6283 126.66
81.5397 13.8336 126.55
88.9131 15.0989 126.42
96.6431 16.425 126.27
104.735 17.8129 126.12
113.196 19.2634 125.96
122.03 20.7776 125.79
131.245 22.3563 125.61
140.846 24.0007 125.43
150.84 25.7117 125.24
161.234 27.4903 125.05
172.033 29.3376 124.85
183.244 31.2545 124.65
194.874 33.242 124.44
206.93 35.3013 124.23
219.417 37.4332 124.02
232.343 39.6388 123.8
245.713 41.9191 123.58
259.535 44.275 123.36
273.815 46.7075 123.14
288.559 49.2176 122.91
303.774 51.8062 122.68
319.466 54.4741 122.46
335.641 57.2223 122.22
352.305 60.0516 121.99
369.463 62.9627 121.76
387.122 65.9566 121.52
405.288 69.0338 121.28
423.965 72.1952 121.04
443.159 75.4414 120.8
462.875 78.7731 120.56
483.118 82.1908 120.32
503.893 85.6952 120.07
525.205 89.2867 119.83
547.057 92.9659 119.58
569.455 96.7331 119.33
592.402 100.589 119.08
615.901 104.533 118.83
639.957 108.567 118.58
664.572 112.689 118.33
689.749 116.901 118.08
715.491 121.203 117.82
741.801 125.594 117.57
768.679 130.074 117.31
796.129 134.644 117.05
824.152 139.304 116.8
852.748 144.052 116.54
881.919 148.89 116.28
911.665 153.815 116.02
941.987 158.829 115.76
972.884 163.931 115.49
1004.36 169.12 115.23
1036.4 174.395 114.96
1069.02 179.757 114.7
1102.21 185.203 114.43
1135.97 190.734 114.16
1170.3 196.348 113.9
1205.19 202.045 113.63
1240.64 207.824 113.36
1276.66 213.683 113.08
1313.23 219.622 112.81
1350.35 225.639 112.54
1388.01 231.733 112.26
1426.22 237.903 111.99
1464.97 244.147 111.71
1504.25 250.465 111.43
1544.06 256.853 111.15
1584.39 263.312 110.87
1625.24 269.84 110.59
1666.59 276.434 110.31
1708.33 283.077 110.03
1750.36 289.761 109.74
1792.67 296.479 109.46
1835.21 303.226 109.17
1877.96 309.998 108.88
1920.88 316.788 108.59
1963.92 323.591 108.3
2007.06 330.401 108
2050.24 337.213 107.71
2093.44 344.019 107.41
2136.6 350.814 107.11
2179.68 357.592 106.81
2222.64 364.345 106.5
2265.43 371.069 106.2
2308.01 377.755 105.89
2350.33 384.398 105.58
2392.34 390.99 105.27
2433.99 397.526 104.96
2475.25 403.999 104.65
2516.05 410.402 104.33
2556.36 416.729 104.01
2596.12 422.972 103.69
2635.29 429.127 103.37
2673.81 435.185 103.05
2711.65 441.142 102.72
2748.75 446.991 102.39
2785.06 452.726 102.07
2820.55 458.34 101.73
2855.17 463.829 101.4
2888.86 469.186 101.07
2921.6 474.405 100.73
2953.33 479.482 100.39
2984.01 484.41 100.05
3013.61 489.185 99.71
3042.08 493.801 99.37
3069.39 498.254 99.02
3095.5 502.539 98.67
3120.36 506.65 98.32
3143.96 510.585 97.97
3166.25 514.338 97.62
3187.21 517.904 97.26
3206.79 521.281 96.91
3224.98 524.464 96.55
3241.75 527.449 96.19
3257.07 530.232 95.83
3270.91 532.81 95.46
3283.26 535.181 95.1
3294.09 537.339 94.73
3303.38 539.283 94.36
3311.12 541.009 93.99
3317.29 542.515 93.62
3321.86 543.798 93.24
3324.84 544.855 92.87
3326.21 545.684 92.49
3325.97 546.283 92.11
3324.09 546.649 91.72
3320.58 546.782 91.34
3315.44 546.678 90.95
3308.66 546.337 90.56
3300.23 545.757 90.17
3290.18 544.938 89.78
3278.49 543.878 89.38
3265.18 542.576 88.98
3250.25 541.033 88.58
3233.71 539.247 88.18
3215.57 537.22 87.78
3195.86 534.951 87.37
3174.58 532.441 86.96
3151.76 529.691 86.55
3127.42 526.702 86.13
3101.57 523.476 85.72
3074.26 520.015 85.29
3045.49 516.321 84.87
3015.31 512.396 84.44
2983.75 508.245 84.02
2950.85 503.869 83.58
2916.63 499.274 83.15
2881.15 494.464 82.71
2844.43 489.442 82.27
2806.54 484.216 81.82
2767.5 478.789 81.37
2727.38 473.168 80.92
2686.23 467.36 80.46
2644.08 461.372 80
2601.01 455.211 79.54
2557.06 448.885 79.07
2512.3 442.402 78.6
2466.78 435.771 78.13
2420.57 429.001 77.65
2373.72 422.101 77.17
2326.3 415.083 76.68
2278.38 407.955 76.19
2230.01 400.729 75.69
2181.27 393.415 75.19
2132.22 386.024 74.69
2082.93 378.569 74.18
2033.45 371.06 73.67
1983.87 363.51 73.15
1934.23 355.93 72.63
1884.61 348.333 72.11
1835.08 340.73 71.58
1785.68 333.134 71.04
1736.49 325.556 70.5
1687.56 318.009 69.96
1638.96 310.503 69.41
1590.73 303.051 68.86
1542.93 295.663 68.3
1495.62 288.35 67.74
1448.84 281.122 67.18
1402.64 273.988 66.61
1357.07 266.958 66.04
1312.16 260.039 65.46
1267.95 253.238 64.88
1224.48 246.562 64.29
1181.78 240.016 63.71
1139.89 233.603 63.12
1098.81 227.326 62.52
1058.59 221.186 61.93
1019.24 215.182 61.33
980.768 209.312 60.73
943.195 203.574 60.13
906.528 197.962 59.53
870.773 192.471 58.92
835.934 187.093 58.32
802.011 181.82 57.71
769.001 176.644 57.1
736.897 171.556 56.5
705.692 166.546 55.89
675.374 161.608 55.29
645.928 156.73 54.69
617.34 151.907 54.09
589.591 147.129 53.49
562.66 142.391 52.89
536.526 137.686 52.29
511.165 133.008 51.7
486.553 128.353 51.1
462.663 123.717 50.51
439.47 119.094 49.92
416.947 114.483 49.33
395.066 109.881 48.73
373.803 105.286 48.14
353.129 100.696 47.54
333.021 96.1107 46.94
313.453 91.5288 46.34
294.405 86.9505 45.72
275.855 82.3763 45.1
257.786 77.8072 44.46
240.181 73.2446 43.81
223.027 68.6905 43.15
206.316 64.1466 42.46
190.039 59.6138 41.75
174.195 55.0994 41.01
158.784 50.6149 40.23
143.81 46.1723 39.41
129.284 41.7848 38.55
115.216 37.4664 37.63
101.625 33.232 36.63
88.5322 29.0979 35.56
75.9656 25.0818 34.37
63.9568 21.2025 33.05
52.5464 17.4814 31.56
41.7812 13.942 29.82
31.7213 10.612 27.73
22.4487 7.52645 25.07
14.0885 4.73615 21.39
6.88462 2.34059 15.19
1.60923 1 0
1 1 0
1 1 0
1 1 0
1 1 0
1 1 0
1 1 0
1 1 0
1 1 0
1 1 0
1 1 0
1 1 0
1 1 0
1 1 0
1 1 0
1 1 0
1 1 0
1 1 0
1 1 0
1 1 0
1 1 0
1 1 0
1 1 0
1 1 0
1 1 0
1 1 0
1 1 0
1 1 0
1 1 0
1 1 0
1 1 0
1 1 0
1 1 0
1 1 0
1 1 0
1 1 0
1 1 0
1 1 0
1 1 0
1 1 0
1 1 0
1 1 0
1 1 0
