1.00339 1 0
1.16238 1 0
1.58427 1 0
2.35057 1 0
3.50866 1 0
5.08584 1 0
7.09723 1.00282 120.39
9.55081 1.40702 125.03
12.4506 1.88484 126.61
15.7985 2.43657 127.64
19.5956 3.06237 128.36
23.8427 3.76233 128.89
28.541 4.53659 129.28
33.6917 5.38533 129.57
39.2971 6.30882 129.77
45.3596 7.30744 129.91
51.8825 8.38162 129.99
58.8694 9.53191 130.04
66.3247 10.7589 130.04
74.2532 12.0634 130.02
82.6601 13.446 129.97
91.551 14.9076 129.9
100.932 16.4491 129.81
110.81 18.0714 129.7
121.19 19.7755 129.58
132.081 21.5623 129.44
143.489 23.4329 129.3
155.421 25.3882 129.14
167.885 27.4294 128.97
180.888 29.5574 128.8
194.438 31.7734 128.62
208.542 34.0783 128.44
223.209 36.4733 128.24
238.446 38.9592 128.05
254.261 41.5372 127.85
270.66 44.2083 127.64
287.652 46.9732 127.43
305.244 49.8331 127.21
323.443 52.7887 127
342.254 55.841 126.78
361.684 58.9907 126.55
381.741 62.2385 126.33
402.429 65.5853 126.1
423.753 69.0315 125.86
445.721 72.5779 125.63
468.336 76.2248 125.39
491.602 79.9729 125.16
515.524 83.8224 124.92
540.107 87.7736 124.67
565.352 91.8268 124.43
591.263 95.9822 124.18
617.843 100.24 123.94
645.093 104.599 123.69
673.013 109.061 123.44
701.607 113.624 123.19
730.871 118.289 122.93
760.807 123.055 122.68
791.412 127.921 122.42
822.685 132.886 122.16
854.624 137.951 121.9
887.224 143.113 121.64
920.48 148.372 121.38
954.388 153.727 121.12
988.943 159.176 120.85
1024.13 164.718 120.59
1059.96 170.351 120.32
1096.4 176.074 120.05
1133.46 181.883 119.78
1171.11 187.779 119.51
1209.35 193.757 119.23
1248.17 199.815 118.96
1287.55 205.952 118.68
1327.47 212.164 118.41
1367.93 218.449 118.13
1408.89 224.804 117.85
1450.35 231.224 117.57
1492.28 237.708 117.28
1534.66 244.251 117
1577.47 250.85 116.71
1620.69 257.501 116.43
1664.29 264.201 116.14
1708.25 270.945 115.85
1752.54 277.728 115.56
1797.13 284.548 115.26
1841.99 291.398 114.97
1887.09 298.276 114.67
1932.41 305.175 114.37
1977.91 312.092 114.07
2023.56 319.022 113.77
2069.33 325.959 113.47
2115.17 332.899 113.17
2161.05 339.836 112.86
2206.95 346.766 112.56
2252.81 353.683 112.25
2298.61 360.583 111.94
2344.31 367.459 111.63
2389.86 374.307 111.31
2435.23 381.121 111
2480.37 387.897 110.68
2525.26 394.629 110.36
2569.84 401.311 110.04
2614.08 407.939 109.72
2657.94 414.508 109.4
2701.37 421.012 109.08
2744.33 427.446 108.75
2786.79 433.805 108.42
2828.71 440.085 108.09
2870.04 446.281 107.76
2910.74 452.387 107.43
2950.78 458.399 107.1
2990.11 464.313 106.76
3028.69 470.123 106.43
3066.5 475.826 106.09
3103.48 481.417 105.75
3139.6 486.892 105.41
3174.82 492.247 105.07
3209.12 497.477 104.73
3242.44 502.579 104.38
3274.76 507.548 104.03
3306.05 512.382 103.69
3336.26 517.075 103.34
3365.38 521.625 102.99
3393.36 526.029 102.63
3420.17 530.282 102.28
3445.79 534.381 101.93
3470.19 538.323 101.57
3493.34 542.105 101.21
3515.21 545.723 100.86
3535.78 549.175 100.5
3555.02 552.457 100.13
3572.91 555.566 99.77
3589.42 558.5 99.41
3604.54 561.256 99.04
3618.24 563.83 98.68
3630.5 566.221 98.31
3641.31 568.425 97.94
3650.64 570.44 97.57
3658.49 572.263 97.19
3664.84 573.891 96.82
3669.66 575.322 96.45
3672.96 576.554 96.07
3674.72 577.584 95.69
3674.92 578.41 95.31
3673.57 579.029 94.93
3670.65 579.44 94.55
3666.15 579.64 94.16
3660.08 579.627 93.78
3652.42 579.399 93.39
3643.18 578.955 93
3632.35 578.292 92.61
3619.94 577.409 92.22
3605.95 576.304 91.82
3590.38 574.976 91.43
3573.24 573.424 91.03
3554.54 571.647 90.63
3534.29 569.644 90.23
3512.48 567.414 89.82
3489.15 564.957 89.41
3464.31 562.272 89.01
3437.96 559.36 88.59
3410.14 556.22 88.18
3380.86 552.854 87.76
3350.14 549.262 87.35
3318.01 545.446 86.92
3284.49 541.406 86.5
3249.62 537.145 86.07
3213.43 532.665 85.64
3175.95 527.969 85.21
3137.21 523.058 84.78
3097.25 517.938 84.34
3056.12 512.611 83.9
3013.86 507.082 83.45
2970.5 501.355 83
2926.11 495.435 82.55
2880.71 489.328 82.09
2834.38 483.04 81.64
2787.15 476.577 81.17
2739.08 469.946 80.71
2690.23 463.155 80.24
2640.65 456.21 79.76
2590.41 449.12 79.28
2539.56 441.894 78.8
2488.16 434.541 78.32
2436.29 427.07 77.83
2383.99 419.49 77.33
2331.34 411.812 76.83
2278.4 404.046 76.33
2225.23 396.204 75.82
2171.9 388.295 75.31
2118.47 380.331 74.79
2065.01 372.323 74.27
2011.59 364.284 73.74
1958.26 356.224 73.21
1905.09 348.155 72.68
1852.14 340.09 72.14
1799.47 332.04 71.59
1747.15 324.017 71.04
1695.22 316.031 70.49
1643.75 308.096 69.93
1592.79 300.222 69.37
1542.38 292.42 68.8
1492.58 284.7 68.22
1443.44 277.073 67.65
1395 269.548 67.06
1347.31 262.135 66.48
1300.39 254.842 65.89
1254.3 247.677 65.29
1209.05 240.646 64.69
1164.68 233.755 64.09
1121.23 227.01 63.48
1078.7 220.413 62.87
1037.13 213.968 62.26
996.532 207.675 61.64
956.916 201.535 61.02
918.3 195.545 60.4
880.687 189.702 59.77
844.085 184.002 59.15
808.494 178.439 58.52
773.917 173.005 57.89
740.346 167.695 57.26
707.776 162.498 56.63
676.198 157.406 56
645.597 152.411 55.37
615.961 147.503 54.74
587.27 142.674 54.12
559.507 137.916 53.49
532.647 133.223 52.87
506.666 128.586 52.25
481.538 123.999 51.62
457.235 119.458 51.01
433.724 114.956 50.39
410.978 110.489 49.77
388.958 106.053 49.15
367.634 101.641 48.53
346.967 97.251 47.91
326.925 92.8769 47.29
307.468 88.5137 46.66
288.565 84.1553 46.02
270.179 79.7942 45.38
252.279 75.4195 44.72
234.838 71.0226 44.04
217.828 66.6058 43.35
201.229 62.1726 42.63
185.029 57.7302 41.88
169.227 53.2875 41.1
153.821 48.8545 40.28
138.812 44.4419 39.42
124.208 40.0618 38.49
110.02 35.728 37.5
96.266 31.456 36.43
82.9695 27.2634 35.24
70.1658 23.1712 33.93
57.8998 19.2039 32.44
46.2392 15.3933 30.71
35.2729 11.7787 28.63
25.1289 8.41246 26.02
16.0042 5.37124 22.47
8.23092 2.78254 16.86
2.48776 1.0112 2.26
1 1 0
1 1 0
1 1 0
1 1 0
1 1 0
1 1 0
1 1 0
1 1 0
1 1 0
1 1 0
1 1 0
1 1 0
1 1 0
1 1 0
1 1 0
1 1 0
1 1 0
1 1 0
1 1 0
1 1 0
1 1 0
1 1 0
1 1 0
1 1 0
1 1 0
1 1 0
1 1 0
1 1 0
1 1 0
1 1 0
1 1 0
1 1 0
1 1 0
1 1 0
1 1 0
1 1 0
1 1 0
1 1 0
1 1 0
1 1 0
1 1 0
1 1 0
