9.68031 1.55283 146.32
17.3517 2.92599 145.08
22.4619 3.84062 144.39
27.502 4.7426 143.82
32.6914 5.67118 143.31
38.1164 6.64173 142.85
43.824 7.66264 142.41
49.8457 8.7395 142
56.2054 9.87654 141.6
62.923 11.0773 141.22
70.0162 12.3448 140.86
77.5012 13.6819 140.5
85.3932 15.0913 140.15
93.7073 16.5755 139.81
102.458 18.1371 139.48
111.66 19.7786 139.15
121.326 21.5022 138.83
131.471 23.3105 138.51
142.11 25.2058 138.2
153.255 27.1905 137.89
164.922 29.2669 137.59
177.123 31.4374 137.28
189.874 33.7043 136.99
203.187 36.0699 136.69
217.078 38.5366 136.4
231.559 41.1065 136.11
246.646 43.7819 135.82
262.351 46.5651 135.53
278.689 49.4583 135.25
295.673 52.4636 134.96
313.316 55.5831 134.68
331.633 58.819 134.4
350.636 62.1732 134.12
370.339 65.6478 133.84
390.754 69.2447 133.57
411.895 72.9656 133.29
433.773 76.8126 133.02
456.402 80.7872 132.74
479.792 84.8912 132.47
503.956 89.1261 132.19
528.905 93.4934 131.92
554.65 97.9945 131.65
581.201 102.631 131.38
608.57 107.403 131.1
636.764 112.313 130.83
665.794 117.362 130.56
695.668 122.549 130.29
726.395 127.877 130.01
757.982 133.346 129.74
790.437 138.955 129.47
823.766 144.706 129.2
857.975 150.599 128.93
893.07 156.634 128.65
929.056 162.811 128.38
965.935 169.13 128.11
1003.71 175.589 127.83
1042.39 182.19 127.56
1081.97 188.93 127.28
1122.45 195.81 127.01
1163.84 202.828 126.73
1206.13 209.983 126.45
1249.31 217.273 126.18
1293.39 224.697 125.9
1338.35 232.252 125.62
1384.19 239.936 125.34
1430.9 247.748 125.06
1478.47 255.683 124.78
1526.89 263.74 124.49
1576.14 271.915 124.21
1626.22 280.205 123.92
1677.1 288.606 123.64
1728.76 297.114 123.35
1781.2 305.725 123.06
1834.38 314.435 122.77
1888.28 323.238 122.48
1942.88 332.131 122.19
1998.16 341.107 121.9
2054.08 350.161 121.6
2110.62 359.287 121.31
2167.74 368.481 121.01
2225.41 377.734 120.71
2283.6 387.042 120.41
2342.26 396.398 120.11
2401.36 405.794 119.81
2460.86 415.224 119.5
2520.72 424.681 119.2
2580.9 434.158 118.89
2641.34 443.647 118.58
2702.01 453.14 118.27
2762.86 462.631 117.96
2823.83 472.112 117.65
2884.89 481.574 117.33
2945.97 491.011 117.01
3007.03 500.415 116.69
3068.02 509.777 116.37
3128.88 519.091 116.05
3189.55 528.348 115.73
3249.99 537.542 115.4
3310.14 546.664 115.07
3369.95 555.707 114.75
3429.36 564.664 114.41
3488.31 573.529 114.08
3546.76 582.293 113.75
3604.64 590.951 113.41
3661.91 599.496 113.08
3718.51 607.92 112.74
3774.39 616.22 112.4
3829.5 624.387 112.06
3883.77 632.417 111.71
3937.18 640.304 111.37
3989.66 648.043 111.02
4041.17 655.629 110.67
4091.65 663.056 110.32
4141.07 670.321 109.97
4189.38 677.419 109.62
4236.53 684.345 109.27
4282.48 691.097 108.91
4327.19 697.669 108.56
4370.62 704.059 108.2
4412.73 710.264 107.84
4453.49 716.279 107.48
4492.85 722.103 107.12
4530.78 727.731 106.76
4567.26 733.162 106.4
4602.24 738.393 106.03
4635.69 743.422 105.67
4667.59 748.245 105.3
4697.92 752.861 104.93
4726.62 757.267 104.57
4753.7 761.462 104.2
4779.11 765.442 103.83
4802.84 769.207 103.46
4824.85 772.753 103.08
4845.14 776.08 102.71
4863.68 779.183 102.34
4880.44 782.063 101.96
4895.42 784.715 101.59
4908.58 787.139 101.21
4919.92 789.332 100.83
4929.41 791.291 100.46
4937.04 793.015 100.08
4942.81 794.5 99.7
4946.68 795.744 99.32
4948.65 796.746 98.94
4948.71 797.502 98.56
4946.83 798.009 98.17
4943.03 798.265 97.79
4937.28 798.267 97.4
4929.57 798.012 97.02
4919.9 797.498 96.63
4908.26 796.72 96.24
4894.64 795.678 95.85
4879.03 794.367 95.46
4861.45 792.784 95.07
4841.87 790.928 94.67
4820.31 788.794 94.28
4796.76 786.381 93.88
4771.23 783.685 93.49
4743.71 780.704 93.09
4714.22 777.435 92.68
4682.75 773.877 92.28
4649.33 770.026 91.88
4613.97 765.883 91.47
4576.67 761.443 91.06
4537.45 756.708 90.65
4496.34 751.675 90.23
4453.35 746.343 89.82
4408.51 740.714 89.4
4361.86 734.786 88.98
4313.41 728.561 88.55
4263.2 722.04 88.13
4211.27 715.224 87.7
4157.67 708.116 87.26
4102.43 700.718 86.83
4045.6 693.035 86.39
3987.24 685.07 85.94
3927.39 676.828 85.5
3866.12 668.315 85.05
3803.5 659.537 84.59
3739.57 650.501 84.13
3674.42 641.215 83.67
3608.11 631.687 83.2
3540.72 621.928 82.73
3472.34 611.946 82.26
3403.03 601.753 81.78
3332.89 591.361 81.3
3262 580.781 80.81
3190.45 570.028 80.31
3118.33 559.114 79.82
3045.74 548.055 79.31
2972.76 536.866 78.8
2899.5 525.561 78.29
2826.05 514.158 77.77
2752.51 502.673 77.25
2678.96 491.123 76.72
2605.52 479.526 76.18
2532.28 467.898 75.64
2459.32 456.26 75.1
2386.75 444.627 74.55
2314.65 433.019 73.99
2243.11 421.453 73.43
2172.22 409.949 72.86
2102.06 398.522 72.28
2032.72 387.192 71.71
1964.27 375.975 71.12
1896.79 364.889 70.53
1830.34 353.949 69.93
1764.99 343.171 69.33
1700.8 332.57 68.73
1637.83 322.161 68.11
1576.12 311.956 67.5
1515.74 301.968 66.88
1456.7 292.207 66.25
1399.07 282.685 65.62
1342.85 273.408 64.98
1288.09 264.384 64.34
1234.81 255.618 63.7
1183.01 247.113 63.05
1132.72 238.87 62.4
1083.93 230.889 61.75
1036.65 223.167 61.1
990.883 215.699 60.44
946.612 208.477 59.78
903.829 201.491 59.12
862.513 194.731 58.46
822.643 188.183 57.81
784.194 181.834 57.15
747.137 175.668 56.49
711.437 169.67 55.84
677.055 163.825 55.19
643.948 158.117 54.54
612.074 152.532 53.9
581.38 147.057 53.25
551.817 141.677 52.62
523.328 136.38 51.98
495.857 131.155 51.35
469.343 125.988 50.71
443.726 120.87 50.08
418.944 115.787 49.45
394.935 110.727 48.81
371.64 105.679 48.17
349.001 100.629 47.53
326.964 95.5603 46.87
305.479 90.4548 46.2
284.503 85.3012 45.52
264.008 80.1013 44.81
243.973 74.8608 44.08
224.389 69.5874 43.32
205.244 64.29 42.53
186.534 58.9794 41.7
168.265 53.6694 40.82
150.442 48.3743 39.88
133.084 43.1127 38.87
116.22 37.906 37.78
99.8883 32.7795 36.57
84.1455 27.7642 35.22
69.0662 22.8973 33.69
54.748 18.224 31.91
41.3252 13.8018 29.77
28.9862 9.70653 27.06
18.0019 6.04277 23.37
8.80521 2.97495 17.44
2.28183 1 0
1 1 0
1 1 0
1 1 0
1 1 0
1 1 0
1 1 0
1 1 0
1 1 0
1 1 0
1 1 0
1 1 0
1 1 0
1 1 0
1 1 0
1 1 0
1 1 0
1 1 0
1 1 0
1 1 0
1 1 0
1 1 0
1 1 0
1 1 0
1 1 0
1 1 0
1 1 0
1 1 0
1 1 0
1 1 0
1 1 0
1 1 0
1 1 0
1 1 0
1 1 0
1 1 0
1 1 0
1 1 0
1 1 0
