1.44361 1 0
2.71129 1 0
3.93864 1 0
5.38534 1 0
7.07602 1 0
9.02424 1.26422 126.18
11.2407 1.61752 127.34
13.7351 2.01591 128.02
16.5168 2.46094 128.46
19.5952 2.95414 128.76
22.9795 3.49707 128.96
26.6794 4.09127 129.09
30.7046 4.73834 129.17
35.0649 5.43989 129.2
39.7704 6.19758 129.21
44.8317 7.01308 129.18
50.2591 7.88811 129.13
56.0637 8.82441 129.07
62.2564 9.82376 128.98
68.8485 10.888 128.88
75.8517 12.0188 128.77
83.2774 13.2182 128.65
91.1376 14.4881 128.52
99.4443 15.8302 128.38
108.21 17.2466 128.23
117.446 18.7392 128.08
127.167 20.3099 127.92
137.384 21.9607 127.75
148.11 23.6935 127.58
159.358 25.5104 127.4
171.141 27.4133 127.23
183.472 29.4042 127.04
196.365 31.485 126.86
209.831 33.6578 126.67
223.886 35.9244 126.47
238.541 38.2868 126.28
253.81 40.7469 126.08
269.706 43.3066 125.88
286.241 45.9678 125.68
303.43 48.7323 125.47
321.285 51.6018 125.27
339.819 54.5781 125.06
359.043 57.663 124.85
378.971 60.858 124.63
399.615 64.1647 124.42
420.987 67.5847 124.2
443.098 71.1194 123.99
465.96 74.7703 123.77
489.58 78.5385 123.55
513.96 82.4252 123.32
539.108 86.4314 123.1
565.031 90.5581 122.87
591.738 94.8061 122.65
619.234 99.176 122.42
647.524 103.669 122.19
676.613 108.284 121.96
706.506 113.023 121.72
737.208 117.885 121.49
768.718 122.87 121.25
801.038 127.979 121.01
834.167 133.209 120.78
868.106 138.562 120.54
902.85 144.036 120.29
938.396 149.63 120.05
974.742 155.343 119.8
1011.88 161.172 119.56
1049.8 167.117 119.31
1088.49 173.176 119.06
1127.94 179.346 118.81
1168.14 185.624 118.55
1209.08 192.008 118.3
1250.74 198.494 118.04
1293.09 205.08 117.78
1336.13 211.762 117.52
1379.82 218.535 117.26
1424.15 225.396 117
1469.09 232.34 116.73
1514.6 239.363 116.46
1560.67 246.459 116.19
1607.26 253.623 115.92
1654.33 260.85 115.65
1701.86 268.133 115.37
1749.79 275.468 115.1
1798.1 282.846 114.82
1846.74 290.263 114.53
1895.68 297.712 114.25
1944.85 305.185 113.96
1994.23 312.676 113.68
2043.75 320.177 113.39
2093.39 327.682 113.09
2143.07 335.182 112.8
2192.76 342.672 112.5
2242.4 350.143 112.21
2291.94 357.587 111.9
2341.32 364.999 111.6
2390.5 372.37 111.3
2439.42 379.693 110.99
2488.04 386.962 110.68
2536.31 394.171 110.37
2584.17 401.313 110.06
2631.58 408.381 109.74
2678.48 415.371 109.42
2724.84 422.276 109.1
2770.61 429.09 108.78
2815.74 435.807 108.46
2860.17 442.422 108.13
2903.88 448.931 107.81
2946.81 455.327 107.48
2988.92 461.605 107.15
3030.16 467.762 106.81
3070.51 473.792 106.48
3109.92 479.691 106.14
3148.34 485.455 105.8
3185.74 491.08 105.46
3222.09 496.561 105.12
3257.35 501.896 104.78
3291.47 507.079 104.43
3324.45 512.108 104.09
3356.23 516.98 103.74
3386.78 521.691 103.39
3416.09 526.238 103.04
3444.11 530.618 102.69
3470.82 534.828 102.33
3496.2 538.866 101.98
3520.22 542.728 101.62
3542.86 546.412 101.26
3564.09 549.916 100.9
3583.89 553.237 100.54
3602.25 556.373 100.18
3619.14 559.321 99.81
3634.54 562.08 99.45
3648.44 564.646 99.08
3660.82 567.018 98.71
3671.68 569.194 98.34
3680.99 571.172 97.97
3688.74 572.95 97.59
3694.93 574.526 97.22
3699.53 575.897 96.84
3702.56 577.063 96.47
3703.99 578.021 96.09
3703.83 578.77 95.71
3702.05 579.308 95.33
3698.68 579.633 94.94
3693.7 579.744 94.56
3687.11 579.64 94.17
3678.91 579.318 93.78
3669.1 578.779 93.39
3657.69 578.02 93
3644.69 577.041 92.61
3630.09 575.84 92.21
3613.92 574.418 91.81
3596.16 572.773 91.41
3576.85 570.904 91.01
3555.99 568.812 90.61
3533.6 566.496 90.2
3509.68 563.957 89.79
3484.28 561.195 89.38
3457.38 558.209 88.97
3429.04 555.002 88.56
3399.25 551.574 88.14
3368.06 547.926 87.72
3335.5 544.061 87.3
3301.58 539.979 86.88
3266.34 535.683 86.45
3229.81 531.176 86.02
3192.04 526.461 85.58
3153.05 521.54 85.15
3112.89 516.419 84.71
3071.6 511.099 84.27
3029.22 505.587 83.82
2985.81 499.887 83.37
2941.39 494.003 82.92
2896.03 487.943 82.47
2849.77 481.711 82.01
2802.67 475.314 81.55
2754.78 468.759 81.08
2706.16 462.053 80.61
2656.86 455.205 80.14
2606.93 448.221 79.66
2556.45 441.11 79.18
2505.47 433.882 78.7
2454.05 426.544 78.21
2402.25 419.108 77.72
2350.13 411.581 77.22
2297.76 403.975 76.72
2245.19 396.3 76.22
2192.49 388.566 75.71
2139.73 380.784 75.19
2086.96 372.965 74.68
2034.24 365.119 74.15
1981.64 357.259 73.63
1929.21 349.395 73.1
1877.02 341.538 72.56
1825.12 333.699 72.02
1773.56 325.891 71.48
1722.4 318.123 70.93
1671.69 310.406 70.37
1621.49 302.752 69.82
1571.83 295.17 69.26
1522.77 287.67 68.69
1474.35 280.262 68.12
1426.62 272.956 67.55
1379.6 265.758 66.97
1333.34 258.679 66.39
1287.86 251.724 65.8
1243.21 244.9 65.21
1199.4 238.213 64.62
1156.46 231.666 64.02
1114.41 225.264 63.42
1073.28 219.009 62.82
1033.07 212.901 62.22
993.8 206.94 61.61
955.479 201.124 61
918.112 195.45 60.39
881.702 189.914 59.78
846.254 184.509 59.16
811.759 179.229 58.55
778.219 174.066 57.93
745.622 169.01 57.32
713.956 164.054 56.71
683.212 159.188 56.09
653.371 154.402 55.48
624.417 149.689 54.87
596.327 145.038 54.26
569.083 140.442 53.65
542.657 135.893 53.04
517.028 131.383 52.43
492.163 126.907 51.83
468.035 122.457 51.22
444.617 118.028 50.62
421.875 113.614 50.01
399.778 109.209 49.4
378.296 104.808 48.79
357.396 100.404 48.18
337.046 95.9918 47.56
317.216 91.5638 46.93
297.877 87.1108 46.3
279.001 82.6204 45.65
260.563 78.0905 44.99
242.539 73.5234 44.31
224.912 68.923 43.61
207.666 64.2944 42.88
190.791 59.6445 42.12
174.285 54.9821 41.33
158.15 50.3183 40.49
142.397 45.6661 39.6
127.041 41.0409 38.66
112.103 36.4595 37.63
97.6152 31.942 36.52
83.6158 27.5117 35.29
70.1562 23.1956 33.91
57.3044 19.0264 32.34
45.1479 15.0436 30.51
33.8056 11.2971 28.3
23.4399 7.85188 25.47
14.2886 4.79938 21.55
6.7411 2.29111 15.01
1.6342 1 0
1 1 0
1 1 0
1 1 0
1 1 0
1 1 0
1 1 0
1 1 0
1 1 0
1 1 0
1 1 0
1 1 0
1 1 0
1 1 0
1 1 0
1 1 0
1 1 0
1 1 0
1 1 0
1 1 0
1 1 0
1 1 0
1 1 0
1 1 0
1 1 0
1 1 0
1 1 0
1 1 0
1 1 0
1 1 0
1 1 0
1 1 0
1 1 0
1 1 0
1 1 0
1 1 0
1 1 0
1 1 0
1 1 0
1 1 0
1 1 0
1 1 0
1 1 0
1 1 0
