1.3142 1 0
2.89478 1 0
4.72453 1 0
7.0167 1.09074 127.54
9.77357 1.59127 130.22
12.9897 2.17529 131.43
16.6585 2.84157 132.17
20.7743 3.58902 132.65
25.3323 4.41673 132.97
30.3291 5.32405 133.17
35.7627 6.31051 133.28
41.6317 7.37587 133.33
47.9367 8.52008 133.33
54.6784 9.74326 133.29
61.8587 11.0457 133.22
69.4805 12.4278 133.12
77.5469 13.89 133
86.0624 15.4331 132.86
95.031 17.0576 132.7
104.458 18.7645 132.53
114.348 20.5545 132.35
124.707 22.4286 132.16
135.542 24.3877 131.96
146.858 26.4328 131.76
158.662 28.565 131.54
170.961 30.7853 131.32
183.761 33.0946 131.1
197.069 35.4942 130.87
210.892 37.9851 130.64
225.237 40.5683 130.4
240.111 43.245 130.16
255.522 46.0161 129.92
271.475 48.8828 129.68
287.979 51.846 129.43
305.04 54.9067 129.18
322.664 58.0658 128.93
340.859 61.3244 128.68
359.631 64.6833 128.43
378.987 68.1434 128.17
398.932 71.7055 127.92
419.474 75.3703 127.66
440.617 79.1385 127.4
462.366 83.0108 127.14
484.73 86.9879 126.88
507.711 91.0702 126.62
531.315 95.2582 126.35
555.547 99.5524 126.09
580.412 103.953 125.82
605.912 108.461 125.56
632.052 113.075 125.29
658.836 117.797 125.02
686.265 122.625 124.75
714.346 127.561 124.48
743.077 132.604 124.21
772.46 137.754 123.94
802.501 143.01 123.67
833.196 148.373 123.4
864.551 153.841 123.13
896.563 159.415 122.85
929.232 165.093 122.58
962.558 170.874 122.3
996.541 176.759 122.03
1031.18 182.746 121.75
1066.47 188.835 121.47
1102.41 195.023 121.19
1139.01 201.31 120.91
1176.24 207.694 120.63
1214.12 214.175 120.35
1252.63 220.75 120.07
1291.78 227.418 119.79
1331.56 234.177 119.5
1371.95 241.027 119.22
1412.97 247.964 118.93
1454.59 254.987 118.65
1496.81 262.093 118.36
1539.64 269.282 118.07
1583.04 276.549 117.78
1626.99 283.891 117.49
1671.48 291.305 117.2
1716.48 298.786 116.91
1761.97 306.333 116.62
1807.95 313.94 116.32
1854.38 321.605 116.03
1901.25 329.324 115.73
1948.54 337.092 115.43
1996.21 344.905 115.14
2044.24 352.759 114.84
2092.61 360.649 114.54
2141.29 368.571 114.23
2190.25 376.519 113.93
2239.45 384.488 113.63
2288.87 392.474 113.32
2338.48 400.472 113.01
2388.23 408.474 112.7
2438.09 416.477 112.4
2488.03 424.474 112.08
2538.01 432.46 111.77
2587.98 440.429 111.46
2637.92 448.375 111.14
2687.77 456.291 110.83
2737.49 464.173 110.51
2787.05 472.013 110.19
2836.4 479.805 109.87
2885.49 487.545 109.55
2934.28 495.225 109.22
2982.73 502.839 108.9
3030.78 510.381 108.57
3078.4 517.845 108.25
3125.53 525.226 107.92
3172.13 532.516 107.59
3218.16 539.711 107.25
3263.56 546.804 106.92
3308.29 553.79 106.58
3352.3 560.662 106.25
3395.55 567.416 105.91
3437.99 574.046 105.57
3479.58 580.547 105.23
3520.27 586.912 104.89
3560.01 593.138 104.54
3598.76 599.219 104.2
3636.49 605.151 103.85
3673.14 610.927 103.51
3708.67 616.545 103.16
3743.05 621.998 102.81
3776.23 627.284 102.45
3808.18 632.396 102.1
3838.85 637.332 101.75
3868.21 642.087 101.39
3896.23 646.657 101.03
3922.86 651.037 100.67
3948.08 655.225 100.31
3971.85 659.216 99.95
3994.13 663.007 99.59
4014.91 666.594 99.23
4034.15 669.973 98.86
4051.81 673.141 98.5
4067.88 676.094 98.13
4082.33 678.828 97.76
4095.13 681.342 97.39
4106.26 683.63 97.02
4115.71 685.69 96.64
4123.44 687.518 96.27
4129.43 689.111 95.89
4133.67 690.467 95.52
4136.14 691.58 95.14
4136.84 692.45 94.76
4135.73 693.071 94.37
4132.81 693.442 93.99
4128.07 693.559 93.61
4121.51 693.42 93.22
4113.09 693.02 92.83
4102.83 692.358 92.44
4090.73 691.431 92.05
4076.76 690.236 91.66
4060.94 688.771 91.26
4043.26 687.033 90.86
4023.74 685.02 90.46
4002.36 682.73 90.06
3979.14 680.161 89.66
3954.09 677.312 89.25
3927.21 674.181 88.85
3898.54 670.767 88.44
3868.07 667.07 88.02
3835.82 663.089 87.61
3801.82 658.824 87.19
3766.1 654.274 86.77
3728.67 649.442 86.35
3689.56 644.328 85.92
3648.82 638.934 85.49
3606.48 633.261 85.06
3562.56 627.313 84.62
3517.13 621.092 84.18
3470.2 614.602 83.74
3421.85 607.849 83.3
3372.12 600.836 82.85
3321.05 593.569 82.39
3268.72 586.055 81.94
3215.17 578.3 81.48
3160.47 570.312 81.01
3104.68 562.1 80.54
3047.88 553.672 80.07
2990.13 545.038 79.59
2931.51 536.208 79.11
2872.08 527.193 78.63
2811.95 518.006 78.14
2751.16 508.657 77.64
2689.82 499.161 77.14
2627.99 489.53 76.64
2565.77 479.779 76.13
2503.24 469.922 75.61
2440.48 459.973 75.09
2377.59 449.949 74.57
2314.63 439.865 74.04
2251.71 429.737 73.5
2188.89 419.581 72.96
2126.27 409.413 72.41
2063.93 399.251 71.86
2001.95 389.11 71.31
1940.4 379.006 70.74
1879.37 368.957 70.18
1818.92 358.977 69.6
1759.13 349.083 69.03
1700.06 339.29 68.44
1641.78 329.612 67.86
1584.36 320.063 67.26
1527.84 310.657 66.66
1472.28 301.405 66.06
1417.75 292.32 65.45
1364.26 283.411 64.84
1311.87 274.687 64.23
1260.62 266.156 63.6
1210.54 257.824 62.98
1161.64 249.695 62.35
1113.97 241.771 61.72
1067.53 234.054 61.09
1022.33 226.541 60.45
978.394 219.23 59.81
935.718 212.116 59.17
894.301 205.191 58.53
854.138 198.446 57.89
815.221 191.872 57.24
777.536 185.457 56.6
741.065 179.189 55.96
705.785 173.055 55.32
671.676 167.043 54.67
638.705 161.14 54.03
606.842 155.333 53.39
576.052 149.611 52.76
546.297 143.964 52.12
517.54 138.379 51.48
489.738 132.849 50.85
462.849 127.363 50.21
436.83 121.913 49.58
411.637 116.49 48.94
387.226 111.087 48.29
363.553 105.693 47.65
340.579 100.3 46.99
318.261 94.8939 46.32
296.562 89.4717 45.65
275.448 84.0357 44.95
254.889 78.5893 44.24
234.857 73.1376 43.5
215.331 67.6869 42.74
196.298 62.2458 41.94
177.746 56.8239 41.09
159.674 51.4331 40.2
142.088 46.0879 39.24
125.004 40.8052 38.21
108.45 35.6059 37.08
92.4635 30.5141 35.83
77.0966 25.5586 34.43
62.4243 20.7757 32.81
48.545 16.2095 30.91
35.6017 11.9193 28.56
23.8031 7.98655 25.49
13.4805 4.53621 21.01
5.24269 1.80593 12.49
1 1 0
1 1 0
1 1 0
1 1 0
1 1 0
1 1 0
1 1 0
1 1 0
1 1 0
1 1 0
1 1 0
1 1 0
1 1 0
1 1 0
1 1 0
1 1 0
1 1 0
1 1 0
1 1 0
1 1 0
1 1 0
1 1 0
1 1 0
1 1 0
1 1 0
1 1 0
1 1 0
1 1 0
1 1 0
1 1 0
1 1 0
1 1 0
1 1 0
1 1 0
1 1 0
1 1 0
1 1 0
1 1 0
1 1 0
1 1 0
1 1 0
1 1 0
1 1 0
1 1 0
