1 1 0
1.00036 1 0
1.01904 1 0
1.13478 1 0
1.45943 1 0
2.0918 1 0
3.10487 1 0
4.54882 1 0
6.45719 1 0
8.85227 1.37719 121.94
11.749 1.88666 123.89
15.1579 2.48643 125.19
19.0863 3.17783 126.14
23.5405 3.96189 126.85
28.5255 4.83948 127.4
34.0461 5.81141 127.82
40.1074 6.87846 128.15
46.7144 8.04146 128.4
53.8722 9.30127 128.58
61.5869 10.6588 128.72
69.8642 12.115 128.81
78.711 13.671 128.86
88.1338 15.3277 128.88
98.14 17.0864 128.87
108.737 18.9481 128.84
119.933 20.9142 128.78
131.735 22.9859 128.71
144.153 25.1644 128.63
157.193 27.451 128.53
170.866 29.8471 128.41
185.179 32.3538 128.29
200.142 34.9726 128.15
215.763 37.7047 128.01
232.051 40.5513 127.85
249.014 43.5138 127.69
266.663 46.5933 127.52
285.003 49.791 127.35
304.045 53.1081 127.17
323.798 56.5457 126.98
344.268 60.1048 126.79
365.465 63.7865 126.6
387.395 67.5916 126.4
410.066 71.5211 126.19
433.485 75.5757 125.99
457.66 79.7563 125.77
482.597 84.0633 125.56
508.303 88.4974 125.34
534.781 93.0591 125.12
562.04 97.7487 124.9
590.085 102.567 124.67
618.918 107.513 124.44
648.544 112.588 124.21
678.969 117.791 123.98
710.194 123.123 123.74
742.222 128.583 123.5
775.056 134.171 123.26
808.697 139.887 123.02
843.146 145.729 122.78
878.406 151.697 122.53
914.474 157.791 122.28
951.352 164.009 122.03
989.035 170.35 121.78
1027.53 176.814 121.53
1066.82 183.398 121.27
1106.91 190.101 121.01
1147.8 196.923 120.76
1189.46 203.857 120.49
1231.86 210.903 120.23
1274.99 218.055 119.97
1318.85 225.313 119.7
1363.41 232.671 119.43
1408.65 240.128 119.16
1454.57 247.679 118.89
1501.13 255.319 118.62
1548.31 263.046 118.35
1596.1 270.854 118.07
1644.46 278.739 117.79
1693.38 286.696 117.51
1742.81 294.72 117.23
1792.74 302.806 116.95
1843.13 310.947 116.66
1893.94 319.139 116.37
1945.15 327.376 116.08
1996.71 335.651 115.79
2048.6 343.959 115.5
2100.76 352.292 115.21
2153.17 360.645 114.91
2205.78 369.011 114.61
2258.54 377.382 114.31
2311.41 385.754 114.01
2364.36 394.117 113.7
2417.33 402.466 113.4
2470.28 410.793 113.09
2523.15 419.092 112.78
2575.91 427.355 112.47
2628.49 435.576 112.16
2680.87 443.746 111.84
2732.97 451.86 111.53
2784.76 459.91 111.21
2836.19 467.89 110.89
2887.2 475.793 110.56
2937.74 483.611 110.24
2987.76 491.339 109.91
3037.22 498.97 109.59
3086.06 506.498 109.26
3134.24 513.916 108.93
3181.7 521.218 108.59
3228.41 528.399 108.26
3274.3 535.453 107.92
3319.34 542.374 107.59
3363.47 549.157 107.25
3406.65 555.796 106.9
3448.85 562.287 106.56
3490.01 568.624 106.22
3530.09 574.803 105.87
3569.06 580.82 105.52
3606.87 586.669 105.18
3643.48 592.348 104.83
3678.85 597.85 104.47
3712.95 603.174 104.12
3745.74 608.314 103.77
3777.2 613.267 103.41
3807.27 618.031 103.05
3835.94 622.6 102.69
3863.17 626.972 102.33
3888.94 631.145 101.97
3913.21 635.113 101.61
3935.95 638.876 101.24
3957.16 642.429 100.88
3976.78 645.771 100.51
3994.81 648.897 100.14
4011.23 651.806 99.78
4026.01 654.495 99.4
4039.13 656.96 99.03
4050.58 659.201 98.66
4060.33 661.213 98.29
4068.38 662.996 97.91
4074.7 664.545 97.53
4079.29 665.859 97.15
4082.13 666.936 96.77
4083.21 667.773 96.39
4082.52 668.368 96.01
4080.05 668.718 95.63
4075.81 668.822 95.24
4069.77 668.677 94.85
4061.94 668.282 94.47
4052.31 667.634 94.07
4040.89 666.731 93.68
4027.67 665.573 93.29
4012.66 664.156 92.89
3995.86 662.48 92.5
3977.28 660.544 92.1
3956.92 658.345 91.7
3934.79 655.884 91.3
3910.91 653.158 90.89
3885.28 650.168 90.48
3857.92 646.913 90.08
3828.86 643.394 89.66
3798.1 639.609 89.25
3765.68 635.56 88.84
3731.61 631.248 88.42
3695.92 626.673 88
3658.64 621.837 87.57
3619.81 616.742 87.15
3579.46 611.391 86.72
3537.61 605.785 86.29
3494.32 599.929 85.85
3449.63 593.826 85.41
3403.57 587.48 84.97
3356.2 580.896 84.53
3307.56 574.078 84.08
3257.72 567.034 83.63
3206.71 559.768 83.17
3154.61 552.289 82.71
3101.48 544.603 82.25
3047.36 536.718 81.79
2992.33 528.643 81.32
2936.46 520.387 80.84
2879.81 511.959 80.36
2822.45 503.37 79.88
2764.45 494.631 79.39
2705.9 485.752 78.9
2646.85 476.745 78.41
2587.4 467.623 77.91
2527.61 458.397 77.4
2467.55 449.081 76.89
2407.33 439.688 76.38
2346.99 430.231 75.86
2286.63 420.725 75.34
2226.31 411.183 74.81
2166.12 401.62 74.27
2106.14 392.049 73.74
2046.42 382.486 73.19
1987.05 372.944 72.64
1928.1 363.438 72.09
1869.64 353.982 71.53
1811.72 344.591 70.97
1754.42 335.277 70.4
1697.79 326.055 69.83
1641.9 316.937 69.25
1586.8 307.937 68.67
1532.54 299.065 68.08
1479.17 290.335 67.49
1426.74 281.756 66.89
1375.28 273.338 66.29
1324.83 265.091 65.68
1275.43 257.024 65.08
1227.11 249.142 64.46
1179.9 241.452 63.84
1133.81 233.959 63.22
1088.86 226.665 62.6
1045.08 219.573 61.97
1002.46 212.682 61.34
961.024 205.991 60.71
920.765 199.496 60.07
881.684 193.193 59.44
843.778 187.074 58.8
807.039 181.131 58.16
771.453 175.354 57.53
737.009 169.734 56.89
703.687 164.257 56.25
671.466 158.912 55.61
640.324 153.688 54.98
610.233 148.571 54.34
581.166 143.551 53.71
553.091 138.617 53.08
525.976 133.758 52.45
499.785 128.965 51.83
474.483 124.228 51.2
450.032 119.541 50.58
426.395 114.896 49.96
403.532 110.285 49.34
381.405 105.703 48.72
359.974 101.145 48.09
339.203 96.6034 47.47
319.053 92.0742 46.84
299.49 87.5514 46.2
280.478 83.0283 45.55
261.987 78.4955 44.9
243.986 73.9448 44.23
226.451 69.3786 43.54
209.359 64.8014 42.83
192.69 60.2186 42.09
176.433 55.6372 41.32
160.575 51.0649 40.52
145.113 46.5109 39.66
130.051 41.9864 38.76
115.394 37.5036 37.78
101.159 33.0778 36.73
87.3707 28.7264 35.56
74.0623 24.4702 34.27
61.2847 20.3353 32.81
49.1017 16.3525 31.11
37.6045 12.5616 29.07
26.9263 9.01697 26.51
17.2713 5.79739 23.05
8.98226 3.03329 17.62
2.76324 1.06714 4.3
1 1 0
1 1 0
1 1 0
1 1 0
1 1 0
1 1 0
1 1 0
1 1 0
1 1 0
1 1 0
1 1 0
1 1 0
1 1 0
1 1 0
1 1 0
1 1 0
1 1 0
1 1 0
1 1 0
1 1 0
1 1 0
1 1 0
1 1 0
1 1 0
1 1 0
1 1 0
1 1 0
1 1 0
1 1 0
1 1 0
1 1 0
1 1 0
1 1 0
1 1 0
1 1 0
1 1 0
1 1 0
1 1 0
1 1 0
1 1 0
1 1 0
1 1 0
1 1 0
