2.61761 1 0
4.68042 1 0
6.18306 1 0
7.72415 1.09366 125.06
9.35325 1.35906 126.07
11.0892 1.64191 126.39
12.9423 1.94387 126.48
14.9195 2.26605 126.46
17.0261 2.60933 126.38
19.2668 2.97446 126.26
21.6459 3.36213 126.1
24.1676 3.773 125.93
26.8358 4.2077 125.74
29.6545 4.66688 125.53
32.6276 5.15118 125.32
35.7593 5.66123 125.1
39.0536 6.19769 124.87
42.5146 6.7612 124.64
46.1465 7.35244 124.41
49.9536 7.97207 124.17
53.94 8.62077 123.93
58.1101 9.29923 123.69
62.4685 10.0081 123.45
67.0197 10.7482 123.2
71.768 11.5202 122.95
76.718 12.3247 122.71
81.8745 13.1625 122.46
87.2417 14.0344 122.21
92.8251 14.941 121.96
98.6288 15.8831 121.71
104.658 16.8614 121.46
110.917 17.8768 121.21
117.411 18.9298 120.96
124.145 20.0213 120.71
131.124 21.152 120.45
138.353 22.3227 120.2
145.836 23.5341 119.95
153.578 24.7868 119.7
161.585 26.0818 119.45
169.862 27.4197 119.2
178.413 28.8012 118.95
187.243 30.2272 118.69
196.358 31.6981 118.44
205.761 33.215 118.19
215.459 34.7783 117.94
225.456 36.3888 117.69
235.757 38.0472 117.44
246.365 39.7543 117.18
257.288 41.5105 116.93
268.529 43.3167 116.68
280.093 45.1734 116.43
291.984 47.0813 116.18
304.207 49.041 115.92
316.766 51.053 115.67
329.668 53.118 115.42
342.914 55.2366 115.17
356.51 57.4092 114.91
370.459 59.6364 114.66
384.767 61.9186 114.41
399.436 64.2565 114.15
414.472 66.6503 113.9
429.876 69.1006 113.64
445.654 71.6078 113.39
461.811 74.1723 113.14
478.346 76.7943 112.88
495.267 79.4743 112.62
512.573 82.2125 112.37
530.271 85.0093 112.11
548.361 87.8648 111.86
566.847 90.7792 111.6
585.723 93.7524 111.34
604.985 96.7838 111.08
624.629 99.8735 110.83
644.655 103.021 110.57
665.061 106.226 110.31
685.846 109.489 110.05
707.003 112.808 109.79
728.535 116.184 109.52
750.432 119.615 109.26
772.691 123.102 109
795.306 126.642 108.74
818.272 130.236 108.47
841.582 133.882 108.21
865.226 137.579 107.94
889.199 141.326 107.67
913.489 145.121 107.4
938.087 148.963 107.14
962.98 152.851 106.87
988.163 156.783 106.6
1013.61 160.756 106.32
1039.33 164.77 106.05
1065.29 168.822 105.78
1091.47 172.909 105.5
1117.87 177.03 105.22
1144.47 181.182 104.95
1171.25 185.363 104.67
1198.19 189.57 104.39
1225.26 193.8 104.11
1252.46 198.05 103.82
1279.76 202.317 103.54
1307.13 206.599 103.26
1334.56 210.891 102.97
1362.02 215.192 102.68
1389.48 219.496 102.39
1416.92 223.801 102.1
1444.32 228.104 101.81
1471.65 232.4 101.51
1498.87 236.685 101.22
1525.97 240.957 100.92
1552.91 245.21 100.62
1579.67 249.442 100.32
1606.22 253.648 100.02
1632.52 257.823 99.71
1658.55 261.965 99.41
1684.27 266.068 99.1
1709.66 270.129 98.79
1734.69 274.143 98.48
1759.32 278.107 98.16
1783.52 282.015 97.85
1807.27 285.864 97.53
1830.53 289.65 97.21
1853.27 293.369 96.89
1875.45 297.015 96.57
1897.06 300.586 96.25
1918.06 304.076 95.92
1938.42 307.483 95.59
1958.11 310.801 95.26
1977.11 314.027 94.93
1995.38 317.158 94.6
2012.89 320.188 94.26
2029.63 323.115 93.92
2045.57 325.934 93.58
2060.67 328.642 93.24
2074.92 331.235 92.9
2088.29 333.711 92.55
2100.75 336.064 92.2
2112.3 338.293 91.85
2122.9 340.394 91.5
2132.54 342.363 91.14
2141.2 344.199 90.78
2148.85 345.897 90.42
2155.5 347.455 90.06
2161.11 348.872 89.7
2165.68 350.143 89.33
2169.2 351.267 88.96
2171.65 352.241 88.59
2173.02 353.064 88.22
2173.32 353.733 87.84
2172.52 354.248 87.47
2170.63 354.605 87.09
2167.64 354.804 86.7
2163.55 354.843 86.32
2158.36 354.722 85.93
2152.08 354.44 85.54
2144.7 353.995 85.14
2136.22 353.388 84.75
2126.66 352.618 84.35
2116.03 351.685 83.95
2104.32 350.589 83.54
2091.56 349.331 83.13
2077.76 347.911 82.72
2062.92 346.33 82.31
2047.07 344.59 81.89
2030.23 342.692 81.47
2012.4 340.637 81.05
1993.63 338.427 80.63
1973.92 336.065 80.2
1953.3 333.553 79.77
1931.8 330.894 79.33
1909.44 328.091 78.89
1886.25 325.147 78.45
1862.26 322.065 78
1837.51 318.85 77.56
1812.02 315.506 77.1
1785.83 312.038 76.65
1758.98 308.449 76.19
1731.49 304.745 75.72
1703.42 300.931 75.26
1674.79 297.013 74.79
1645.64 292.997 74.31
1616.02 288.888 73.83
1585.95 284.693 73.35
1555.49 280.419 72.86
1524.68 276.071 72.37
1493.55 271.656 71.88
1462.15 267.183 71.38
1430.52 262.657 70.88
1398.7 258.086 70.37
1366.73 253.478 69.86
1334.65 248.839 69.35
1302.51 244.178 68.83
1270.34 239.5 68.31
1238.19 234.815 67.78
1206.09 230.129 67.25
1174.08 225.448 66.72
1142.19 220.781 66.18
1110.48 216.134 65.64
1078.96 211.513 65.09
1047.67 206.923 64.55
1016.65 202.372 63.99
985.918 197.863 63.44
955.514 193.402 62.88
925.461 188.992 62.32
895.785 184.637 61.75
866.509 180.339 61.18
837.655 176.099 60.61
809.243 171.919 60.04
781.292 167.798 59.47
753.815 163.736 58.89
726.829 159.73 58.31
700.343 155.778 57.73
674.367 151.876 57.15
648.91 148.02 56.57
623.973 144.206 55.99
599.565 140.428 55.4
575.682 136.681 54.82
552.324 132.961 54.23
529.489 129.26 53.65
507.171 125.575 53.07
485.365 121.899 52.48
464.059 118.228 51.9
443.246 114.556 51.31
422.913 110.878 50.72
403.047 107.191 50.14
383.634 103.489 49.55
364.662 99.7674 48.96
346.111 96.0218 48.36
327.968 92.2471 47.76
310.217 88.4378 47.15
292.839 84.5863 46.54
275.823 80.6861 45.92
259.151 76.7375 45.28
242.811 72.7422 44.64
226.791 68.7031 43.97
211.08 64.6244 43.29
195.672 60.5112 42.59
180.561 56.3698 41.85
165.745 52.2081 41.09
151.227 48.0348 40.28
137.016 43.861 39.44
123.12 39.6986 38.53
109.56 35.562 37.57
96.3588 31.4676 36.52
83.5496 27.4348 35.37
71.1748 23.4861 34.1
59.2892 19.6484 32.67
47.9631 15.9537 31.03
37.2864 12.4407 29.09
27.3811 9.15889 26.71
18.4147 6.1737 23.6
10.6291 3.57804 19.1
4.44765 1.54916 10.73
1 1 0
1 1 0
1 1 0
1 1 0
1 1 0
1 1 0
1 1 0
1 1 0
1 1 0
1 1 0
1 1 0
1 1 0
1 1 0
1 1 0
1 1 0
1 1 0
1 1 0
1 1 0
1 1 0
1 1 0
1 1 0
1 1 0
1 1 0
1 1 0
1 1 0
1 1 0
1 1 0
1 1 0
1 1 0
1 1 0
1 1 0
1 1 0
1 1 0
1 1 0
1 1 0
1 1 0
1 1 0
1 1 0
1 1 0
1 1 0
1 1 0
1 1 0
1 1 0
1 1 0
1 1 0
1 1 0
1 1 0
1 1 0
1 1 0
