1.1201 1 0
1.67628 1 0
2.31699 1 0
3.13053 1 0
4.1264 1 0
5.31021 1 0
6.68632 1 0
8.25858 1.12238 120.11
10.0306 1.39763 121.59
12.0061 1.70464 122.39
14.1885 2.04396 122.91
16.5818 2.41618 123.27
19.1897 2.82189 123.51
22.0162 3.26171 123.68
25.0657 3.73628 123.79
28.3425 4.24627 123.84
31.8511 4.79238 123.86
35.5963 5.3753 123.85
39.5829 5.99579 123.81
43.816 6.6546 123.74
48.3006 7.35251 123.66
53.0422 8.09032 123.57
58.0462 8.86883 123.46
63.3183 9.68888 123.33
68.8639 10.5513 123.2
74.6889 11.457 123.05
80.7993 12.4068 122.9
87.2009 13.4016 122.74
93.8999 14.4422 122.57
100.902 15.5297 122.4
108.214 16.6648 122.22
115.842 17.8484 122.04
123.793 19.0816 121.85
132.071 20.3651 121.66
140.685 21.7 121.47
149.64 23.087 121.27
158.942 24.5271 121.07
168.599 26.0213 120.86
178.616 27.5703 120.66
189 29.1751 120.45
199.757 30.8365 120.24
210.894 32.5555 120.02
222.417 34.3328 119.81
234.332 36.1692 119.59
246.645 38.0657 119.37
259.364 40.0231 119.15
272.493 42.042 118.92
286.039 44.1233 118.7
300.007 46.2677 118.47
314.405 48.4759 118.25
329.236 50.7487 118.02
344.509 53.0866 117.79
360.226 55.4905 117.56
376.395 57.9608 117.32
393.021 60.4981 117.09
410.108 63.1031 116.86
427.662 65.7763 116.62
445.688 68.5181 116.38
464.19 71.329 116.14
483.173 74.2095 115.91
502.638 77.1598 115.66
522.579 80.1801 115.42
542.996 83.2706 115.18
563.892 86.4314 114.94
585.267 89.6627 114.69
607.121 92.9644 114.45
629.455 96.3366 114.2
652.267 99.779 113.96
675.558 103.292 113.71
699.325 106.874 113.46
723.565 110.526 113.21
748.275 114.246 112.96
773.454 118.035 112.7
799.096 121.892 112.45
825.196 125.816 112.19
851.747 129.806 111.94
878.745 133.861 111.68
906.183 137.981 111.42
934.052 142.163 111.16
962.343 146.407 110.9
991.047 150.712 110.64
1020.15 155.075 110.38
1049.65 159.495 110.11
1079.52 163.971 109.85
1109.76 168.501 109.58
1140.36 173.082 109.31
1171.29 177.712 109.05
1202.53 182.39 108.78
1234.09 187.112 108.5
1265.93 191.877 108.23
1298.03 196.681 107.96
1330.38 201.522 107.68
1362.96 206.398 107.4
1395.74 211.304 107.12
1428.7 216.239 106.84
1461.83 221.198 106.56
1495.08 226.179 106.28
1528.44 231.178 105.99
1561.89 236.192 105.71
1595.39 241.216 105.42
1628.92 246.248 105.13
1662.44 251.283 104.84
1695.94 256.317 104.55
1729.37 261.347 104.25
1762.71 266.369 103.96
1795.93 271.378 103.66
1829 276.37 103.36
1861.87 281.342 103.06
1894.53 286.288 102.76
1926.93 291.205 102.45
1959.05 296.088 102.15
1990.84 300.933 101.84
2022.28 305.735 101.53
2053.33 310.491 101.22
2083.95 315.195 100.91
2114.12 319.844 100.59
2143.79 324.433 100.28
2172.93 328.957 99.96
2201.52 333.413 99.64
2229.5 337.796 99.32
2256.85 342.101 98.99
2283.54 346.324 98.67
2309.53 350.462 98.34
2334.79 354.51 98.01
2359.29 358.463 97.68
2382.99 362.318 97.35
2405.87 366.071 97.02
2427.89 369.717 96.68
2449.02 373.253 96.34
2469.24 376.675 96
2488.51 379.979 95.66
2506.81 383.162 95.32
2524.11 386.219 94.97
2540.38 389.147 94.62
2555.61 391.943 94.27
2569.76 394.602 93.92
2582.82 397.123 93.57
2594.75 399.502 93.21
2605.56 401.734 92.86
2615.21 403.819 92.5
2623.68 405.751 92.14
2630.96 407.529 91.78
2637.03 409.151 91.41
2641.88 410.612 91.04
2645.51 411.911 90.67
2647.88 413.045 90.3
2649 414.013 89.93
2648.86 414.811 89.55
2647.46 415.439 89.18
2644.77 415.893 88.8
2640.81 416.173 88.41
2635.58 416.277 88.03
2629.06 416.203 87.64
2621.27 415.951 87.25
2612.19 415.519 86.86
2601.86 414.906 86.47
2590.25 414.113 86.07
2577.39 413.138 85.67
2563.29 411.981 85.27
2547.95 410.643 84.86
2531.39 409.124 84.46
2513.63 407.424 84.05
2494.68 405.544 83.64
2474.57 403.485 83.22
2453.3 401.249 82.8
2430.91 398.837 82.38
2407.43 396.252 81.96
2382.87 393.494 81.53
2357.26 390.568 81.1
2330.64 387.475 80.67
2303.03 384.219 80.23
2274.47 380.804 79.79
2245 377.233 79.35
2214.65 373.51 78.9
2183.45 369.641 78.45
2151.45 365.628 78
2118.68 361.479 77.54
2085.2 357.198 77.08
2051.04 352.791 76.61
2016.24 348.264 76.15
1980.85 343.623 75.67
1944.92 338.876 75.2
1908.49 334.028 74.72
1871.62 329.088 74.24
1834.35 324.062 73.75
1796.72 318.959 73.26
1758.78 313.786 72.76
1720.59 308.551 72.26
1682.2 303.262 71.76
1643.65 297.928 71.25
1604.99 292.557 70.74
1566.26 287.158 70.23
1527.52 281.738 69.71
1488.82 276.307 69.19
1450.19 270.873 68.66
1411.69 265.443 68.13
1373.35 260.026 67.6
1335.23 254.629 67.06
1297.35 249.26 66.52
1259.77 243.926 65.97
1222.51 238.632 65.42
1185.62 233.386 64.87
1149.13 228.193 64.31
1113.07 223.056 63.76
1077.47 217.981 63.19
1042.36 212.969 62.63
1007.78 208.023 62.06
973.725 203.144 61.49
940.235 198.332 60.92
907.326 193.586 60.35
875.014 188.904 59.77
843.31 184.283 59.19
812.231 179.721 58.62
781.78 175.211 58.04
751.969 170.751 57.46
722.797 166.334 56.88
694.267 161.956 56.3
666.376 157.61 55.71
639.127 153.291 55.13
612.506 148.993 54.55
586.51 144.711 53.97
561.126 140.439 53.39
536.345 136.173 52.81
512.152 131.908 52.22
488.53 127.638 51.64
465.464 123.359 51.06
442.935 119.066 50.47
420.924 114.754 49.88
399.413 110.419 49.29
378.381 106.056 48.69
357.807 101.659 48.09
337.676 97.2201 47.48
317.963 92.7305 46.85
298.657 88.1844 46.22
279.737 83.5838 45.58
261.193 78.9324 44.91
243.01 74.2347 44.23
225.183 69.4973 43.53
207.703 64.7271 42.79
190.573 59.9335 42.03
173.795 55.1273 41.22
157.377 50.3207 40.37
141.336 45.5283 39.47
125.689 40.7664 38.5
110.471 36.0559 37.45
95.718 31.4185 36.3
81.4786 26.8806 35.03
67.8155 22.473 33.6
54.809 18.2326 31.96
42.5619 14.2039 30.02
31.2107 10.4428 27.65
20.9429 7.02286 24.57
12.0353 4.04936 20.12
4.96507 1.71464 11.93
1 1 0
1 1 0
1 1 0
1 1 0
1 1 0
1 1 0
1 1 0
1 1 0
1 1 0
1 1 0
1 1 0
1 1 0
1 1 0
1 1 0
1 1 0
1 1 0
1 1 0
1 1 0
1 1 0
1 1 0
1 1 0
1 1 0
1 1 0
1 1 0
1 1 0
1 1 0
1 1 0
1 1 0
1 1 0
1 1 0
1 1 0
1 1 0
1 1 0
1 1 0
1 1 0
1 1 0
1 1 0
1 1 0
1 1 0
1 1 0
1 1 0
1 1 0
1 1 0
1 1 0
1 1 0
1 1 0
1 1 0
