1.14917 1 0
1.85017 1 0
2.66762 1 0
3.71549 1 0
5.00922 1 0
6.55906 1 0
8.37349 1.30748 126.08
10.4601 1.67828 127.3
12.8261 2.09882 128.05
15.4783 2.57032 128.57
18.4236 3.09399 128.94
21.6688 3.67102 129.2
25.2209 4.30264 129.38
29.0869 4.99006 129.51
33.2741 5.73455 129.58
37.7899 6.53738 129.61
42.6416 7.39986 129.61
47.837 8.3233 129.59
53.3841 9.30908 129.54
59.2908 10.3586 129.47
65.5653 11.4731 129.38
72.2161 12.6543 129.28
79.2516 13.9034 129.17
86.6802 15.2219 129.04
94.5111 16.6113 128.91
102.753 18.0731 128.76
111.414 19.6089 128.61
120.505 21.22 128.45
130.033 22.908 128.28
140.009 24.6744 128.11
150.441 26.5208 127.94
161.338 28.4486 127.75
172.711 30.4594 127.57
184.568 32.5546 127.38
196.919 34.7357 127.18
209.772 37.0042 126.99
223.137 39.3616 126.79
237.023 41.8092 126.58
251.44 44.3485 126.38
266.396 46.9809 126.17
281.9 49.7077 125.96
297.962 52.5302 125.74
314.589 55.4498 125.53
331.791 58.4676 125.31
349.576 61.5849 125.09
367.952 64.8028 124.87
386.928 68.1225 124.64
406.511 71.545 124.42
426.709 75.0714 124.19
447.529 78.7025 123.96
468.979 82.4392 123.73
491.065 86.2824 123.5
513.795 90.2328 123.27
537.174 94.2912 123.03
561.209 98.458 122.8
585.905 102.734 122.56
611.269 107.12 122.32
637.305 111.615 122.08
664.016 116.221 121.84
691.411 120.937 121.6
719.491 125.764 121.36
748.261 130.702 121.11
777.722 135.75 120.87
807.878 140.909 120.62
838.732 146.178 120.37
870.285 151.557 120.12
902.541 157.046 119.87
935.498 162.643 119.62
969.158 168.35 119.36
1003.52 174.163 119.11
1038.59 180.084 118.85
1074.35 186.111 118.6
1110.82 192.243 118.34
1147.99 198.479 118.08
1185.85 204.817 117.82
1224.4 211.257 117.55
1263.65 217.796 117.29
1303.58 224.434 117.03
1344.2 231.169 116.76
1385.49 237.998 116.49
1427.45 244.92 116.23
1470.01 251.927 115.96
1513.15 259.014 115.68
1556.85 266.177 115.41
1601.09 273.412 115.14
1645.84 280.715 114.86
1691.08 288.082 114.58
1736.78 295.507 114.31
1782.92 302.987 114.02
1829.46 310.515 113.74
1876.36 318.086 113.46
1923.61 325.696 113.17
1971.16 333.337 112.89
2018.97 341.005 112.6
2067.01 348.693 112.31
2115.25 356.394 112.01
2163.63 364.104 111.72
2212.12 371.814 111.42
2260.67 379.52 111.13
2309.25 387.213 110.83
2357.8 394.888 110.52
2406.29 402.537 110.22
2454.65 410.154 109.92
2502.86 417.732 109.61
2550.84 425.263 109.3
2598.57 432.742 108.99
2645.99 440.162 108.68
2693.05 447.515 108.36
2739.7 454.794 108.05
2785.89 461.995 107.73
2831.58 469.108 107.41
2876.7 476.129 107.09
2921.22 483.051 106.76
2965.08 489.868 106.44
3008.24 496.572 106.11
3050.64 503.16 105.78
3092.23 509.624 105.45
3132.98 515.958 105.12
3172.84 522.158 104.78
3211.75 528.218 104.45
3249.68 534.133 104.11
3286.58 539.897 103.77
3322.41 545.505 103.43
3357.12 550.953 103.08
3390.68 556.236 102.74
3423.04 561.35 102.39
3454.17 566.29 102.04
3484.03 571.052 101.69
3512.58 575.631 101.34
3539.8 580.025 100.99
3565.64 584.228 100.63
3590.07 588.238 100.28
3613.06 592.051 99.92
3634.59 595.663 99.56
3654.63 599.071 99.2
3673.14 602.272 98.84
3690.11 605.262 98.47
3705.5 608.038 98.11
3719.3 610.598 97.74
3731.49 612.938 97.37
3742.04 615.056 97
3750.94 616.948 96.63
3758.17 618.613 96.25
3763.72 620.047 95.88
3767.56 621.249 95.5
3769.69 622.214 95.12
3770.11 622.942 94.74
3768.78 623.429 94.36
3765.72 623.674 93.97
3760.91 623.675 93.59
3754.36 623.429 93.2
3746.04 622.934 92.81
3735.97 622.189 92.42
3724.15 621.192 92.02
3710.58 619.941 91.63
3695.26 618.436 91.23
3678.19 616.674 90.83
3659.39 614.656 90.43
3638.87 612.38 90.03
3616.63 609.845 89.62
3592.7 607.051 89.21
3567.08 603.999 88.8
3539.81 600.687 88.39
3510.89 597.118 87.97
3480.36 593.291 87.55
3448.23 589.208 87.13
3414.54 584.87 86.7
3379.31 580.279 86.28
3342.59 575.438 85.85
3304.4 570.349 85.41
3264.79 565.014 84.98
3223.79 559.439 84.54
3181.44 553.627 84.09
3137.8 547.582 83.65
3092.92 541.309 83.2
3046.83 534.814 82.74
2999.61 528.103 82.29
2951.29 521.183 81.82
2901.95 514.061 81.36
2851.64 506.744 80.89
2800.42 499.24 80.42
2748.35 491.559 79.94
2695.51 483.709 79.46
2641.97 475.7 78.97
2587.77 467.543 78.48
2533.02 459.248 77.99
2477.77 450.826 77.49
2422.09 442.288 76.98
2366.06 433.648 76.48
2309.75 424.916 75.96
2253.24 416.106 75.44
2196.6 407.23 74.92
2139.91 398.302 74.39
2083.24 389.336 73.86
2026.65 380.344 73.32
1970.24 371.34 72.78
1914.05 362.339 72.23
1858.17 353.353 71.68
1802.66 344.397 71.12
1747.59 335.484 70.56
1693.02 326.627 69.99
1639 317.84 69.42
1585.61 309.135 68.84
1532.9 300.524 68.25
1480.91 292.021 67.67
1429.7 283.635 67.07
1379.32 275.379 66.48
1329.8 267.261 65.87
1281.19 259.292 65.27
1233.53 251.479 64.66
1186.85 243.831 64.04
1141.17 236.353 63.42
1096.52 229.051 62.8
1052.93 221.928 62.17
1010.41 214.987 61.54
968.973 208.228 60.91
928.63 201.652 60.27
889.387 195.254 59.63
851.249 189.032 58.99
814.213 182.98 58.35
778.274 177.09 57.71
743.425 171.354 57.06
709.657 165.761 56.42
676.953 160.302 55.77
645.294 154.965 55.13
614.661 149.738 54.49
585.029 144.611 53.84
556.374 139.571 53.2
528.667 134.608 52.56
501.876 129.711 51.92
475.97 124.871 51.28
450.914 120.079 50.64
426.673 115.325 50
403.209 110.601 49.36
380.488 105.899 48.72
358.469 101.213 48.08
337.118 96.5325 47.43
316.396 91.8507 46.77
296.27 87.1559 46.11
276.704 82.4382 45.44
257.666 77.6976 44.75
239.128 72.936 44.05
221.063 68.1572 43.33
203.449 63.3659 42.58
186.267 58.5685 41.8
169.506 53.7731 40.98
153.158 48.9888 40.12
137.223 44.2273 39.2
121.708 39.5018 38.21
106.628 34.8285 37.14
92.0139 30.2279 35.97
77.9007 25.7226 34.66
64.3505 21.3433 33.18
51.438 17.1256 31.46
39.2722 13.1164 29.4
28.0086 9.37836 26.81
17.8755 5.99946 23.32
9.23929 3.11871 17.87
2.82227 1.08079 4.66
1 1 0
1 1 0
1 1 0
1 1 0
1 1 0
1 1 0
1 1 0
1 1 0
1 1 0
1 1 0
1 1 0
1 1 0
1 1 0
1 1 0
1 1 0
1 1 0
1 1 0
1 1 0
1 1 0
1 1 0
1 1 0
1 1 0
1 1 0
1 1 0
1 1 0
1 1 0
1 1 0
1 1 0
1 1 0
1 1 0
1 1 0
1 1 0
1 1 0
1 1 0
1 1 0
1 1 0
1 1 0
1 1 0
1 1 0
1 1 0
1 1 0
1 1 0
