1.73008 1 0
2.95687 1 0
3.93711 1 0
4.9906 1 0
6.14385 1 0
7.40783 1 0
8.78932 1 0
10.2936 1.1588 122.54
11.9251 1.36417 123.68
13.6883 1.58635 124.18
15.5873 1.82587 124.46
17.6264 2.08327 124.6
19.8097 2.35909 124.67
22.1415 2.65386 124.69
24.6262 2.96816 124.66
27.2681 3.30253 124.6
30.0719 3.65756 124.52
33.0422 4.03383 124.41
36.1836 4.43193 124.3
39.5009 4.85248 124.16
42.9991 5.29609 124.02
46.683 5.76338 123.87
50.5578 6.255 123.71
54.6286 6.77158 123.54
58.9005 7.31379 123.37
63.379 7.88229 123.19
68.0694 8.47774 123.01
72.977 9.10082 122.82
78.1075 9.75222 122.63
83.4664 10.4326 122.43
89.0593 11.1427 122.23
94.8918 11.8833 122.03
100.97 12.6549 121.83
107.299 13.4583 121.63
113.885 14.2943 121.42
120.734 15.1635 121.21
127.852 16.0667 121
135.245 17.0045 120.79
142.918 17.9777 120.57
150.878 18.987 120.36
159.13 20.0331 120.14
167.681 21.1168 119.92
176.536 22.2386 119.71
185.702 23.3994 119.49
195.185 24.5998 119.26
204.99 25.8406 119.04
215.123 27.1223 118.82
225.591 28.4457 118.6
236.399 29.8115 118.37
247.553 31.2203 118.15
259.059 32.6727 117.92
270.918 34.1694 117.69
283.126 35.7108 117.46
295.687 37.2975 117.23
308.603 38.93 117
321.879 40.6089 116.77
335.516 42.3345 116.54
349.519 44.1074 116.31
363.888 45.9279 116.08
378.628 47.7964 115.84
393.738 49.7131 115.61
409.221 51.6785 115.37
425.079 53.6927 115.13
441.31 55.7558 114.89
457.917 57.8681 114.66
474.898 60.0296 114.42
492.253 62.2404 114.18
509.982 64.5004 113.93
528.081 66.8095 113.69
546.55 69.1676 113.45
565.386 71.5744 113.2
584.584 74.0297 112.96
604.143 76.5331 112.71
624.056 79.0841 112.46
644.32 81.6823 112.21
664.928 84.327 111.96
685.875 87.0176 111.71
707.152 89.7534 111.46
728.753 92.5334 111.2
750.669 95.3568 110.95
772.891 98.2226 110.69
795.41 101.13 110.43
818.214 104.077 110.17
841.292 107.063 109.91
864.633 110.086 109.65
888.223 113.146 109.39
912.05 116.24 109.12
936.099 119.366 108.86
960.355 122.524 108.59
984.803 125.712 108.32
1009.43 128.926 108.05
1034.21 132.166 107.78
1059.13 135.43 107.51
1084.17 138.715 107.23
1109.32 142.019 106.95
1134.55 145.34 106.68
1159.84 148.676 106.4
1185.18 152.023 106.11
1210.53 155.381 105.83
1235.89 158.745 105.55
1261.22 162.114 105.26
1286.51 165.484 104.97
1311.72 168.854 104.68
1336.84 172.22 104.39
1361.85 175.579 104.1
1386.71 178.929 103.8
1411.41 182.267 103.5
1435.92 185.59 103.21
1460.21 188.895 102.91
1484.26 192.179 102.6
1508.04 195.439 102.3
1531.53 198.672 101.99
1554.7 201.875 101.69
1577.53 205.046 101.38
1599.99 208.18 101.07
1622.06 211.276 100.75
1643.71 214.329 100.44
1664.91 217.338 100.12
1685.65 220.299 99.8
1705.89 223.209 99.48
1725.62 226.065 99.16
1744.81 228.865 98.83
1763.43 231.606 98.51
1781.47 234.284 98.18
1798.9 236.897 97.85
1815.7 239.443 97.52
1831.85 241.918 97.19
1847.33 244.319 96.85
1862.11 246.646 96.51
1876.18 248.894 96.17
1889.53 251.061 95.83
1902.12 253.145 95.49
1913.95 255.144 95.14
1925.01 257.055 94.8
1935.26 258.876 94.45
1944.71 260.605 94.1
1953.33 262.24 93.74
1961.11 263.78 93.39
1968.05 265.221 93.03
1974.13 266.563 92.67
1979.34 267.803 92.31
1983.68 268.94 91.95
1987.13 269.973 91.58
1989.68 270.901 91.21
1991.35 271.721 90.85
1992.11 272.433 90.47
1991.97 273.036 90.1
1990.93 273.528 89.72
1988.97 273.91 89.35
1986.12 274.18 88.97
1982.35 274.338 88.58
1977.69 274.383 88.2
1972.12 274.315 87.81
1965.67 274.134 87.42
1958.33 273.839 87.03
1950.1 273.432 86.64
1941.01 272.913 86.24
1931.05 272.281 85.84
1920.24 271.537 85.44
1908.6 270.682 85.03
1896.12 269.718 84.63
1882.84 268.644 84.22
1868.76 267.463 83.81
1853.9 266.176 83.39
1838.28 264.784 82.98
1821.91 263.289 82.56
1804.82 261.693 82.14
1787.03 259.998 81.71
1768.55 258.206 81.28
1749.42 256.32 80.85
1729.65 254.343 80.42
1709.26 252.277 79.98
1688.29 250.124 79.54
1666.76 247.889 79.1
1644.69 245.574 78.66
1622.11 243.183 78.21
1599.06 240.719 77.76
1575.55 238.186 77.3
1551.61 235.588 76.85
1527.29 232.929 76.39
1502.59 230.213 75.92
1477.56 227.444 75.46
1452.23 224.627 74.99
1426.61 221.765 74.52
1400.76 218.864 74.04
1374.68 215.928 73.56
1348.42 212.962 73.08
1322.01 209.969 72.6
1295.47 206.956 72.11
1268.83 203.926 71.62
1242.12 200.884 71.12
1215.38 197.835 70.62
1188.62 194.783 70.12
1161.88 191.732 69.62
1135.18 188.687 69.11
1108.56 185.652 68.6
1082.03 182.63 68.09
1055.63 179.625 67.58
1029.37 176.64 67.06
1003.28 173.677 66.54
977.377 170.739 66.01
951.689 167.827 65.49
926.235 164.942 64.96
901.034 162.085 64.43
876.103 159.256 63.89
851.461 156.455 63.36
827.122 153.68 62.82
803.102 150.93 62.28
779.416 148.203 61.74
756.074 145.496 61.2
733.089 142.807 60.66
710.471 140.134 60.12
688.228 137.474 59.57
666.368 134.825 59.03
644.898 132.183 58.48
623.823 129.546 57.94
603.146 126.913 57.4
582.871 124.281 56.85
563 121.649 56.31
543.531 119.014 55.77
524.466 116.376 55.23
505.802 113.733 54.69
487.536 111.085 54.15
469.665 108.43 53.61
452.183 105.768 53.08
435.084 103.098 52.55
418.361 100.421 52.02
402.007 97.7351 51.49
386.013 95.0415 50.96
370.37 92.3397 50.43
355.065 89.6297 49.9
340.09 86.9116 49.38
325.433 84.1854 48.85
311.08 81.451 48.32
297.021 78.7082 47.79
283.242 75.9568 47.26
269.732 73.1963 46.72
256.478 70.4262 46.18
243.468 67.6455 45.63
230.692 64.8535 45.07
218.14 62.0488 44.5
205.803 59.23 43.92
193.674 56.3955 43.32
181.752 53.5444 42.71
170.038 50.6754 42.08
158.531 47.7858 41.43
147.234 44.8693 40.75
136.152 41.9257 40.05
125.286 38.9616 39.31
114.642 35.9844 38.54
104.228 33.0023 37.72
94.0521 30.0238 36.85
84.1243 27.0586 35.92
74.4585 24.1172 34.91
65.0713 21.2112 33.81
55.9843 18.3541 32.6
47.2244 15.5614 31.24
38.827 12.8512 29.69
30.8397 10.2462 27.88
23.3295 7.77569 25.67
16.3958 5.48052 22.84
10.1899 3.42113 18.85
4.98652 1.71408 12.04
1.4105 1 0
1 1 0
1 1 0
1 1 0
1 1 0
1 1 0
1 1 0
1 1 0
1 1 0
1 1 0
1 1 0
1 1 0
1 1 0
1 1 0
1 1 0
1 1 0
1 1 0
1 1 0
1 1 0
1 1 0
1 1 0
1 1 0
1 1 0
1 1 0
1 1 0
1 1 0
1 1 0
1 1 0
1 1 0
1 1 0
1 1 0
1 1 0
1 1 0
1 1 0
1 1 0
1 1 0
1 1 0
1 1 0
