1.05329 1 0
1.5029 1 0
2.15374 1 0
3.06665 1 0
4.25537 1 0
5.72855 1 0
7.49218 1.13555 126.04
9.55083 1.49606 127.98
11.9083 1.90894 129.04
14.568 2.37478 129.74
17.5334 2.89414 130.23
20.8079 3.46764 130.58
24.3953 4.09588 130.84
28.2994 4.77953 131.01
32.5245 5.51931 131.12
37.0752 6.31597 131.19
41.9562 7.17033 131.21
47.1727 8.08324 131.2
52.7303 9.05561 131.17
58.6342 10.0884 131.11
64.8907 11.1826 131.03
71.5058 12.3391 130.93
78.4858 13.5592 130.82
85.8372 14.8438 130.69
93.567 16.194 130.56
101.682 17.6111 130.41
110.189 19.0961 130.26
119.095 20.6502 130.09
128.408 22.2746 129.92
138.135 23.9705 129.74
148.283 25.7391 129.56
158.861 27.5817 129.37
169.874 29.4993 129.18
181.332 31.4932 128.98
193.241 33.5647 128.78
205.61 35.7149 128.58
218.445 37.9451 128.37
231.755 40.2563 128.16
245.547 42.6497 127.95
259.829 45.1266 127.73
274.608 47.688 127.51
289.892 50.3351 127.29
305.687 53.0688 127.07
322.002 55.8903 126.84
338.842 58.8006 126.61
356.215 61.8007 126.39
374.129 64.8915 126.16
392.59 68.0739 125.92
411.603 71.3489 125.69
431.176 74.7172 125.45
451.314 78.1796 125.22
472.024 81.7369 124.98
493.311 85.3898 124.74
515.182 89.1389 124.5
537.639 92.9848 124.26
560.691 96.9279 124.02
584.339 100.969 123.77
608.591 105.108 123.53
633.448 109.346 123.28
658.916 113.682 123.03
684.997 118.117 122.78
711.696 122.652 122.53
739.014 127.286 122.28
766.955 132.019 122.03
795.521 136.851 121.78
824.713 141.782 121.52
854.533 146.811 121.27
884.981 151.94 121.01
916.06 157.166 120.76
947.769 162.489 120.5
980.107 167.91 120.24
1013.07 173.427 119.98
1046.67 179.04 119.72
1080.89 184.747 119.45
1115.74 190.549 119.19
1151.21 196.443 118.93
1187.3 202.43 118.66
1224.01 208.507 118.39
1261.33 214.674 118.12
1299.27 220.929 117.86
1337.8 227.271 117.58
1376.95 233.699 117.31
1416.68 240.21 117.04
1457 246.804 116.77
1497.91 253.479 116.49
1539.4 260.232 116.22
1581.45 267.062 115.94
1624.07 273.968 115.66
1667.24 280.947 115.38
1710.96 287.996 115.1
1755.22 295.115 114.82
1800.01 302.301 114.54
1845.32 309.551 114.25
1891.14 316.864 113.97
1937.46 324.237 113.68
1984.27 331.668 113.4
2031.57 339.153 113.11
2079.33 346.692 112.82
2127.55 354.28 112.53
2176.22 361.917 112.23
2225.32 369.599 111.94
2274.84 377.323 111.65
2324.78 385.087 111.35
2375.12 392.889 111.05
2425.84 400.725 110.76
2476.94 408.594 110.46
2528.3 416.48 110.16
2579.6 424.34 109.85
2630.73 432.162 109.55
2681.65 439.938 109.24
2732.31 447.661 108.93
2782.64 455.324 108.62
2832.59 462.919 108.31
2882.11 470.437 107.99
2931.13 477.873 107.68
2979.61 485.219 107.36
3027.48 492.467 107.04
3074.7 499.611 106.72
3121.2 506.643 106.39
3166.93 513.557 106.07
3211.84 520.346 105.74
3255.87 527.004 105.41
3298.98 533.525 105.07
3341.1 539.902 104.74
3382.19 546.13 104.4
3422.21 552.202 104.07
3461.09 558.114 103.73
3498.8 563.86 103.39
3535.3 569.435 103.04
3570.53 574.833 102.7
3604.45 580.051 102.35
3637.03 585.083 102
3668.22 589.926 101.65
3697.98 594.574 101.3
3726.28 599.023 100.95
3753.09 603.27 100.59
3778.36 607.311 100.23
3802.07 611.142 99.87
3824.19 614.759 99.51
3844.68 618.159 99.15
3863.53 621.339 98.79
3880.69 624.295 98.42
3896.16 627.024 98.06
3909.9 629.523 97.69
3921.9 631.789 97.32
3932.14 633.82 96.95
3940.59 635.611 96.57
3947.24 637.162 96.2
3952.08 638.468 95.82
3955.1 639.528 95.44
3956.27 640.338 95.06
3955.59 640.897 94.68
3953.06 641.202 94.3
3948.66 641.251 93.91
3942.39 641.042 93.52
3934.25 640.572 93.14
3924.24 639.841 92.74
3912.35 638.846 92.35
3898.58 637.586 91.96
3882.96 636.058 91.56
3865.46 634.263 91.16
3846.12 632.199 90.76
3824.94 629.865 90.35
3801.92 627.26 89.95
3777.09 624.385 89.54
3750.47 621.239 89.13
3722.06 617.822 88.72
3691.9 614.135 88.3
3660 610.179 87.88
3626.4 605.954 87.46
3591.13 601.464 87.04
3554.22 596.709 86.61
3515.69 591.693 86.18
3475.61 586.417 85.74
3433.99 580.887 85.31
3390.88 575.104 84.87
3346.34 569.075 84.42
3300.41 562.803 83.98
3253.15 556.295 83.53
3204.6 549.556 83.07
3154.82 542.593 82.61
3103.89 535.413 82.15
3051.85 528.024 81.69
2998.76 520.435 81.22
2944.72 512.653 80.74
2889.77 504.69 80.26
2834 496.554 79.78
2777.46 488.256 79.29
2720.25 479.808 78.8
2662.44 471.22 78.3
2604.09 462.507 77.8
2545.31 453.679 77.3
2486.15 444.749 76.79
2426.71 435.732 76.27
2367.06 426.642 75.75
2307.28 417.491 75.22
2247.46 408.294 74.69
2187.67 399.067 74.16
2128 389.823 73.62
2068.51 380.577 73.07
2009.29 371.345 72.52
1950.41 362.14 71.97
1891.94 352.978 71.4
1833.96 343.873 70.84
1776.54 334.839 70.27
1719.72 325.89 69.69
1663.59 317.039 69.11
1608.19 308.3 68.52
1553.59 299.685 67.93
1499.84 291.205 67.33
1446.98 282.871 66.73
1395.06 274.693 66.13
1344.12 266.68 65.52
1294.2 258.839 64.9
1245.33 251.177 64.29
1197.54 243.699 63.67
1150.86 236.408 63.04
1105.3 229.306 62.41
1060.87 222.391 61.78
1017.6 215.663 61.15
975.494 209.116 60.51
934.547 202.746 59.88
894.763 196.544 59.24
856.137 190.501 58.6
818.664 184.607 57.96
782.329 178.851 57.32
747.119 173.22 56.67
713.013 167.703 56.03
679.993 162.289 55.4
648.032 156.964 54.76
617.102 151.719 54.12
587.175 146.543 53.49
558.22 141.426 52.85
530.201 136.36 52.22
503.084 131.337 51.59
476.831 126.349 50.96
451.407 121.39 50.33
426.772 116.453 49.7
402.888 111.532 49.06
379.717 106.622 48.43
357.223 101.718 47.79
335.367 96.8132 47.14
314.117 91.9018 46.48
293.439 86.9763 45.82
273.303 82.0247 45.14
253.681 77.0412 44.44
234.55 72.0311 43.72
215.888 67.0008 42.98
197.682 61.9586 42.2
179.919 56.9136 41.39
162.595 51.8766 40.53
145.71 46.8605 39.61
129.274 41.8797 38.63
113.302 36.9515 37.57
97.8221 32.0962 36.4
82.8721 27.3379 35.1
68.5072 22.7062 33.62
54.804 18.238 31.91
41.8702 13.9806 29.86
29.8607 9.99752 27.28
19.016 6.38184 23.79
9.73275 3.28352 18.31
2.82976 1.08297 4.7
1 1 0
1 1 0
1 1 0
1 1 0
1 1 0
1 1 0
1 1 0
1 1 0
1 1 0
1 1 0
1 1 0
1 1 0
1 1 0
1 1 0
1 1 0
1 1 0
1 1 0
1 1 0
1 1 0
1 1 0
1 1 0
1 1 0
1 1 0
1 1 0
1 1 0
1 1 0
1 1 0
1 1 0
1 1 0
1 1 0
1 1 0
1 1 0
1 1 0
1 1 0
1 1 0
1 1 0
1 1 0
1 1 0
