5.41055 1 0
10.7033 1.79341 139.17
14.4928 2.4944 139.21
18.3492 3.20778 139.06
22.4041 3.95783 138.86
26.7079 4.75382 138.62
31.2875 5.60071 138.37
36.1613 6.50184 138.1
41.3431 7.45975 137.83
46.8447 8.47658 137.56
52.6771 9.55425 137.28
58.8499 10.6946 137
65.3734 11.8993 136.72
72.2566 13.1701 136.44
79.5091 14.5087 136.16
87.1404 15.9167 135.88
95.1597 17.3958 135.6
103.577 18.9476 135.32
112.401 20.5739 135.04
121.642 22.2762 134.76
131.31 24.0563 134.48
141.413 25.9157 134.2
151.962 27.8562 133.93
162.966 29.8795 133.65
174.435 31.9871 133.37
186.38 34.1807 133.1
198.808 36.4619 132.82
211.731 38.8324 132.55
225.158 41.2938 132.27
239.099 43.8476 132
253.563 46.4955 131.72
268.56 49.2389 131.45
284.099 52.0793 131.18
300.19 55.0183 130.91
316.842 58.0573 130.63
334.065 61.1978 130.36
351.866 64.4409 130.09
370.256 67.7882 129.82
389.242 71.2409 129.55
408.833 74.8001 129.28
429.04 78.4671 129.01
449.867 82.2431 128.74
471.324 86.1289 128.47
493.42 90.1258 128.2
516.159 94.2345 127.93
539.55 98.456 127.65
563.6 102.791 127.38
588.317 107.24 127.11
613.705 111.805 126.84
639.77 116.484 126.57
666.519 121.28 126.3
693.954 126.191 126.03
722.085 131.22 125.76
750.912 136.365 125.49
780.438 141.627 125.21
810.673 147.006 124.94
841.613 152.502 124.67
873.267 158.114 124.39
905.632 163.842 124.12
938.711 169.686 123.85
972.506 175.646 123.57
1007.02 181.72 123.3
1042.25 187.908 123.02
1078.19 194.209 122.74
1114.85 200.623 122.47
1152.23 207.147 122.19
1190.32 213.781 121.91
1229.11 220.524 121.63
1268.62 227.373 121.35
1308.83 234.328 121.07
1349.74 241.387 120.79
1391.34 248.548 120.51
1433.63 255.808 120.23
1476.6 263.167 119.94
1520.25 270.621 119.66
1564.57 278.169 119.37
1609.55 285.808 119.09
1655.19 293.536 118.8
1701.46 301.351 118.51
1748.38 309.249 118.22
1795.92 317.227 117.93
1844.08 325.284 117.64
1892.84 333.416 117.35
1942.2 341.62 117.06
1992.14 349.892 116.77
2042.64 358.231 116.47
2093.71 366.632 116.17
2145.32 375.093 115.88
2197.38 383.6 115.58
2249.81 392.143 115.28
2302.56 400.713 114.98
2355.6 409.306 114.68
2408.89 417.915 114.37
2462.4 426.534 114.07
2516.08 435.155 113.76
2569.88 443.773 113.46
2623.77 452.38 113.15
2677.7 460.97 112.84
2731.63 469.536 112.52
2785.5 478.07 112.21
2839.27 486.566 111.89
2892.9 495.016 111.58
2946.32 503.414 111.26
2999.5 511.753 110.94
3052.39 520.025 110.62
3104.91 528.223 110.29
3157.04 536.342 109.97
3208.72 544.373 109.64
3259.89 552.31 109.31
3310.5 560.147 108.98
3360.51 567.878 108.65
3409.86 575.495 108.32
3458.49 582.993 107.99
3506.37 590.365 107.65
3553.43 597.606 107.31
3599.63 604.711 106.97
3644.92 611.673 106.63
3689.26 618.487 106.29
3732.58 625.149 105.95
3774.85 631.652 105.6
3816.03 637.992 105.25
3856.05 644.165 104.91
3894.9 650.167 104.56
3932.51 655.991 104.21
3968.85 661.635 103.85
4003.88 667.095 103.5
4037.56 672.366 103.15
4069.85 677.444 102.79
4100.72 682.327 102.43
4130.12 687.01 102.07
4158.03 691.49 101.71
4184.42 695.764 101.35
4209.24 699.828 100.99
4232.47 703.679 100.62
4254.09 707.314 100.26
4274.05 710.73 99.89
4292.34 713.924 99.52
4308.94 716.893 99.15
4323.8 719.633 98.78
4336.92 722.143 98.41
4348.28 724.418 98.04
4357.84 726.456 97.66
4365.59 728.254 97.29
4371.52 729.809 96.91
4375.6 731.118 96.53
4377.83 732.178 96.15
4378.17 732.987 95.77
4376.64 733.54 95.39
4373.19 733.836 95.01
4367.85 733.871 94.62
4360.59 733.642 94.23
4351.4 733.147 93.84
4340.28 732.382 93.45
4327.23 731.346 93.06
4312.23 730.034 92.67
4295.29 728.445 92.27
4276.43 726.576 91.88
4255.62 724.424 91.48
4232.88 721.988 91.08
4208.22 719.265 90.67
4181.64 716.253 90.27
4153.16 712.95 89.86
4122.79 709.356 89.45
4090.54 705.469 89.04
4056.44 701.287 88.63
4020.5 696.812 88.21
3982.75 692.041 87.79
3943.21 686.977 87.37
3901.92 681.618 86.94
3858.91 675.967 86.51
3814.21 670.025 86.08
3767.86 663.793 85.65
3719.9 657.276 85.21
3670.39 650.476 84.77
3619.35 643.396 84.32
3566.86 636.042 83.88
3512.96 628.419 83.42
3457.71 620.532 82.97
3401.17 612.388 82.51
3343.41 603.995 82.05
3284.5 595.359 81.58
3224.5 586.491 81.11
3163.48 577.4 80.63
3101.53 568.095 80.15
3038.73 558.588 79.66
2975.15 548.891 79.17
2910.87 539.015 78.68
2845.98 528.974 78.18
2780.58 518.781 77.68
2714.73 508.451 77.17
2648.54 497.998 76.65
2582.1 487.438 76.13
2515.48 476.787 75.61
2448.8 466.061 75.08
2382.13 455.276 74.54
2315.56 444.45 74
2249.17 433.599 73.45
2183.08 422.741 72.9
2117.34 411.893 72.34
2052.06 401.073 71.78
1987.3 390.297 71.21
1923.16 379.583 70.64
1859.7 368.949 70.06
1797 358.409 69.48
1735.13 347.98 68.88
1674.16 337.679 68.29
1614.14 327.518 67.69
1555.14 317.514 67.08
1497.21 307.677 66.47
1440.4 298.022 65.85
1384.75 288.559 65.23
1330.31 279.298 64.61
1277.1 270.247 63.98
1225.17 261.414 63.34
1174.53 252.803 62.71
1125.21 244.419 62.06
1077.22 236.263 61.42
1030.58 228.336 60.77
985.288 220.636 60.12
941.342 213.157 59.47
898.745 205.895 58.81
857.485 198.841 58.16
817.55 191.986 57.5
778.921 185.317 56.84
741.582 178.824 56.19
705.502 172.491 55.53
670.657 166.305 54.87
637.008 160.252 54.22
604.524 154.316 53.56
573.165 148.485 52.91
542.888 142.743 52.25
513.651 137.077 51.6
485.41 131.476 50.94
458.116 125.925 50.29
431.723 120.414 49.63
406.184 114.929 48.97
381.452 109.459 48.31
357.48 103.987 47.64
334.223 98.5042 46.96
311.64 93.0084 46.27
289.691 87.4985 45.56
268.34 81.9753 44.84
247.555 76.4421 44.1
227.311 70.9041 43.33
207.587 65.368 42.53
188.367 59.8429 41.68
169.646 54.3402 40.79
151.427 48.8738 39.85
133.723 43.4609 38.83
116.556 38.1219 37.72
99.9641 32.8816 36.5
84.0019 27.7706 35.14
68.7419 22.8255 33.6
54.2856 18.0924 31.8
40.7696 13.629 29.62
28.3841 9.51168 26.87
17.4082 5.8471 23.08
8.29515 2.80698 16.9
1.98789 1 0
1 1 0
1 1 0
1 1 0
1 1 0
1 1 0
1 1 0
1 1 0
1 1 0
1 1 0
1 1 0
1 1 0
1 1 0
1 1 0
1 1 0
1 1 0
1 1 0
1 1 0
1 1 0
1 1 0
1 1 0
1 1 0
1 1 0
1 1 0
1 1 0
1 1 0
1 1 0
1 1 0
1 1 0
1 1 0
1 1 0
1 1 0
1 1 0
1 1 0
1 1 0
1 1 0
1 1 0
1 1 0
1 1 0
1 1 0
1 1 0
1 1 0
1 1 0
