1.05732 1 0
1.50767 1 0
2.15364 1 0
3.06472 1 0
4.26193 1 0
5.76117 1 0
7.57554 1 0
9.71634 1.27296 123.19
12.1938 1.63798 124.61
15.0175 2.05464 125.5
18.1966 2.52433 126.12
21.7403 3.04843 126.57
25.6574 3.6283 126.91
29.9572 4.2653 127.16
34.6488 4.96082 127.34
39.7419 5.71626 127.46
45.246 6.53303 127.54
51.1708 7.41257 127.59
57.5266 8.35637 127.6
64.3237 9.36591 127.58
71.5725 10.4427 127.55
79.2839 11.5883 127.49
87.4687 12.8043 127.42
96.138 14.0922 127.33
105.303 15.4536 127.23
114.975 16.8902 127.12
125.166 18.4035 127
135.888 19.9952 126.87
147.151 21.6668 126.73
158.969 23.42 126.58
171.352 25.2564 126.43
184.311 27.1776 126.27
197.853 29.185 126.1
211.986 31.2802 125.93
226.723 33.4647 125.75
242.071 35.7398 125.57
258.042 38.1071 125.38
274.645 40.5678 125.2
291.89 43.1233 125
309.785 45.7748 124.81
328.339 48.5234 124.61
347.56 51.3702 124.4
367.457 54.3162 124.2
388.035 57.3624 123.99
409.301 60.5094 123.78
431.262 63.758 123.57
453.922 67.1088 123.35
477.285 70.5623 123.13
501.356 74.1187 122.91
526.137 77.7781 122.69
551.629 81.5408 122.46
577.834 85.4065 122.23
604.752 89.3749 122
632.38 93.4457 121.77
660.718 97.6181 121.54
689.76 101.892 121.3
719.505 106.265 121.06
749.944 110.737 120.82
781.072 115.307 120.58
812.88 119.973 120.34
845.358 124.733 120.09
878.498 129.586 119.84
912.284 134.529 119.59
946.705 139.56 119.34
981.745 144.677 119.08
1017.39 149.877 118.83
1053.62 155.157 118.57
1090.41 160.514 118.31
1127.76 165.945 118.05
1165.62 171.447 117.78
1203.99 177.015 117.51
1242.84 182.647 117.25
1282.14 188.338 116.97
1321.87 194.084 116.7
1361.99 199.882 116.43
1402.48 205.726 116.15
1443.31 211.613 115.87
1484.45 217.538 115.59
1525.87 223.496 115.31
1567.53 229.482 115.02
1609.39 235.493 114.74
1651.43 241.522 114.45
1693.61 247.565 114.16
1735.89 253.616 113.86
1778.23 259.672 113.57
1820.61 265.727 113.27
1862.97 271.775 112.97
1905.28 277.811 112.67
1947.51 283.832 112.37
1989.61 289.83 112.06
2031.54 295.802 111.76
2073.27 301.743 111.45
2114.75 307.646 111.14
2155.96 313.509 110.82
2196.84 319.325 110.51
2237.36 325.089 110.19
2277.48 330.798 109.87
2317.16 336.447 109.55
2356.37 342.03 109.23
2395.06 347.544 108.91
2433.19 352.984 108.58
2470.75 358.345 108.26
2507.67 363.624 107.93
2543.94 368.817 107.6
2579.51 373.92 107.26
2614.35 378.928 106.93
2648.43 383.838 106.59
2681.72 388.646 106.26
2714.17 393.35 105.92
2745.77 397.944 105.58
2776.48 402.427 105.24
2806.27 406.795 104.89
2835.12 411.044 104.55
2862.99 415.172 104.2
2889.86 419.176 103.85
2915.7 423.054 103.5
2940.5 426.801 103.15
2964.22 430.416 102.8
2986.84 433.897 102.45
3008.34 437.24 102.09
3028.71 440.444 101.73
3047.91 443.506 101.37
3065.94 446.423 101.01
3082.78 449.195 100.65
3098.4 451.819 100.29
3112.8 454.293 99.93
3125.96 456.614 99.56
3137.86 458.782 99.19
3148.5 460.795 98.83
3157.86 462.65 98.46
3165.94 464.347 98.08
3172.72 465.883 97.71
3178.2 467.258 97.34
3182.36 468.47 96.96
3185.21 469.517 96.59
3186.75 470.399 96.21
3186.95 471.115 95.83
3185.84 471.662 95.45
3183.39 472.041 95.06
3179.63 472.25 94.68
3174.54 472.289 94.29
3168.12 472.157 93.9
3160.39 471.853 93.51
3151.35 471.377 93.12
3141 470.729 92.73
3129.35 469.907 92.33
3116.42 468.913 91.94
3102.2 467.746 91.54
3086.71 466.407 91.14
3069.97 464.894 90.74
3051.99 463.21 90.33
3032.78 461.354 89.93
3012.36 459.328 89.52
2990.76 457.132 89.11
2967.98 454.767 88.7
2944.05 452.235 88.28
2918.99 449.537 87.86
2892.83 446.675 87.44
2865.59 443.651 87.02
2837.29 440.467 86.6
2807.98 437.126 86.17
2777.66 433.629 85.74
2746.38 429.98 85.31
2714.17 426.182 84.88
2681.05 422.238 84.44
2647.07 418.151 84
2612.26 413.926 83.56
2576.65 409.566 83.11
2540.28 405.076 82.67
2503.2 400.46 82.22
2465.44 395.723 81.76
2427.04 390.869 81.31
2388.04 385.905 80.85
2348.48 380.836 80.38
2308.42 375.667 79.92
2267.88 370.403 79.45
2226.92 365.053 78.97
2185.58 359.62 78.5
2143.9 354.113 78.02
2101.93 348.537 77.54
2059.72 342.901 77.05
2017.3 337.209 76.56
1974.73 331.471 76.07
1932.05 325.692 75.57
1889.3 319.881 75.07
1846.53 314.044 74.57
1803.78 308.189 74.06
1761.1 302.325 73.55
1718.52 296.457 73.03
1676.09 290.594 72.51
1633.84 284.744 71.99
1591.83 278.913 71.47
1550.08 273.109 70.94
1508.63 267.34 70.41
1467.52 261.611 69.87
1426.79 255.93 69.33
1386.46 250.304 68.79
1346.57 244.739 68.24
1307.15 239.24 67.69
1268.22 233.813 67.14
1229.82 228.463 66.58
1191.96 223.195 66.02
1154.68 218.012 65.46
1117.98 212.918 64.9
1081.89 207.915 64.33
1046.44 203.004 63.76
1011.62 198.187 63.19
977.46 193.463 62.61
943.967 188.831 62.04
911.151 184.29 61.46
879.019 179.836 60.88
847.576 175.465 60.3
816.827 171.174 59.72
786.772 166.956 59.13
757.413 162.806 58.55
728.746 158.719 57.97
700.768 154.688 57.38
673.472 150.707 56.8
646.854 146.769 56.22
620.901 142.87 55.63
595.608 139.003 55.05
570.958 135.164 54.47
546.94 131.346 53.89
523.539 127.546 53.31
500.74 123.759 52.73
478.525 119.981 52.15
456.877 116.209 51.57
435.777 112.439 50.99
415.205 108.667 50.41
395.145 104.891 49.82
375.573 101.107 49.24
356.47 97.3114 48.65
337.818 93.5019 48.06
319.596 89.6747 47.46
301.784 85.8256 46.86
284.364 81.9501 46.24
267.32 78.0421 45.62
250.636 74.092 44.98
234.297 70.0956 44.33
218.292 66.0566 43.66
202.612 61.9804 42.96
187.249 57.8729 42.24
172.203 53.7418 41.49
157.47 49.5953 40.7
143.06 45.444 39.87
128.979 41.2993 38.99
115.244 37.1751 38.05
101.877 33.087 37.04
88.9041 29.0529 35.93
76.3621 25.0936 34.72
64.2959 21.2331 33.36
52.7631 17.4994 31.82
41.8399 13.9272 30.02
31.6269 10.5592 27.86
22.261 7.45086 25.13
13.9401 4.6789 21.39
6.98231 2.36829 15.37
2.03088 1 0
1 1 0
1 1 0
1 1 0
1 1 0
1 1 0
1 1 0
1 1 0
1 1 0
1 1 0
1 1 0
1 1 0
1 1 0
1 1 0
1 1 0
1 1 0
1 1 0
1 1 0
1 1 0
1 1 0
1 1 0
1 1 0
1 1 0
1 1 0
1 1 0
1 1 0
1 1 0
1 1 0
1 1 0
1 1 0
1 1 0
1 1 0
1 1 0
1 1 0
1 1 0
1 1 0
1 1 0
1 1 0
1 1 0
1 1 0
1 1 0
1 1 0
1 1 0
1 1 0
