1.01116 1 0
1.12886 1 0
1.32501 1 0
1.62813 1 0
2.05592 1 0
2.62425 1 0
3.3476 1 0
4.23935 1 0
5.31206 1 0
6.57765 1.09282 117.4
8.0475 1.38147 119.28
9.73277 1.71251 120.36
11.6442 2.08807 121.11
13.7925 2.51026 121.68
16.1882 2.98114 122.12
18.8418 3.50278 122.46
21.7638 4.07724 122.74
24.9648 4.70658 122.95
28.4553 5.39287 123.12
32.2463 6.13819 123.24
36.3481 6.94465 123.33
40.7722 7.81436 123.39
45.5291 8.74945 123.43
50.6301 9.75208 123.45
56.0864 10.8244 123.44
61.9095 11.9687 123.42
68.111 13.187 123.39
74.7024 14.4817 123.34
81.6953 15.855 123.27
89.1017 17.3091 123.2
96.9339 18.8464 123.12
105.204 20.4691 123.02
113.924 22.1795 122.92
123.105 23.9799 122.81
132.761 25.8726 122.7
142.905 27.8599 122.58
153.547 29.9442 122.45
164.701 32.1277 122.32
176.379 34.4128 122.18
188.594 36.8017 122.03
201.359 39.2966 121.88
214.685 41.9 121.73
228.586 44.6138 121.57
243.073 47.4405 121.41
258.16 50.3821 121.25
273.858 53.4409 121.08
290.18 56.6188 120.91
307.138 59.918 120.74
324.743 63.3405 120.56
343.008 66.8883 120.38
361.944 70.5632 120.2
381.561 74.367 120.01
401.873 78.3017 119.83
422.888 82.3687 119.64
444.619 86.5699 119.44
467.074 90.9067 119.25
490.265 95.3805 119.05
514.2 99.9929 118.85
538.893 104.745 118.65
564.346 109.638 118.45
590.574 114.673 118.24
617.581 119.851 118.04
645.376 125.173 117.83
673.966 130.639 117.61
703.359 136.25 117.4
733.559 142.007 117.19
764.576 147.91 116.97
796.412 153.959 116.75
829.072 160.155 116.53
862.559 166.496 116.31
896.88 172.984 116.08
932.039 179.617 115.86
968.03 186.395 115.63
1004.86 193.318 115.4
1042.54 200.384 115.17
1081.05 207.593 114.93
1120.41 214.943 114.7
1160.6 222.433 114.46
1201.63 230.061 114.23
1243.49 237.827 113.99
1286.19 245.728 113.74
1329.71 253.762 113.5
1374.06 261.927 113.25
1419.23 270.22 113.01
1465.21 278.64 112.76
1511.99 287.183 112.51
1559.57 295.847 112.26
1607.94 304.629 112
1657.09 313.526 111.75
1707.01 322.534 111.49
1757.68 331.649 111.23
1809.11 340.87 110.97
1861.27 350.19 110.71
1914.16 359.608 110.44
1967.75 369.118 110.18
2022.04 378.717 109.91
2077.01 388.4 109.64
2132.54 398.15 109.37
2188.44 407.934 109.1
2244.64 417.744 108.82
2301.1 427.568 108.54
2357.74 437.397 108.26
2414.51 447.219 107.98
2471.34 457.025 107.69
2528.18 466.803 107.4
2584.96 476.544 107.11
2641.61 486.236 106.82
2698.06 495.868 106.53
2754.25 505.43 106.23
2810.11 514.912 105.93
2865.57 524.302 105.63
2920.56 533.591 105.32
2975.02 542.769 105.01
3028.87 551.825 104.7
3082.05 560.751 104.39
3134.5 569.536 104.08
3186.13 578.172 103.76
3236.89 586.65 103.44
3286.72 594.961 103.12
3335.55 603.097 102.79
3383.31 611.051 102.47
3429.97 618.814 102.14
3475.43 626.38 101.81
3519.66 633.742 101.47
3562.59 640.893 101.14
3604.17 647.826 100.8
3644.36 654.537 100.46
3683.09 661.018 100.12
3720.33 667.265 99.78
3756.01 673.273 99.43
3790.1 679.037 99.08
3822.56 684.552 98.73
3853.34 689.814 98.38
3882.41 694.818 98.03
3909.73 699.56 97.67
3935.26 704.037 97.32
3958.97 708.246 96.96
3980.83 712.181 96.6
4000.8 715.84 96.23
4018.87 719.22 95.87
4035 722.317 95.5
4049.16 725.128 95.13
4061.36 727.65 94.76
4071.54 729.88 94.39
4079.7 731.815 94.02
4085.82 733.451 93.64
4089.9 734.787 93.26
4091.9 735.819 92.88
4091.82 736.545 92.5
4089.65 736.961 92.12
4085.4 737.064 91.73
4079.03 736.854 91.35
4070.56 736.325 90.96
4059.97 735.477 90.57
4047.29 734.307 90.17
4032.5 732.812 89.78
4015.6 730.991 89.38
3996.6 728.841 88.98
3975.54 726.361 88.57
3952.39 723.549 88.17
3927.18 720.404 87.76
3899.92 716.924 87.35
3870.64 713.11 86.94
3839.37 708.96 86.52
3806.11 704.475 86.1
3770.91 699.655 85.68
3733.79 694.501 85.26
3694.78 689.014 84.83
3653.93 683.196 84.4
3611.28 677.05 83.96
3566.87 670.579 83.52
3520.75 663.787 83.08
3472.96 656.677 82.64
3423.57 649.255 82.19
3372.64 641.527 81.73
3320.22 633.5 81.28
3266.39 625.181 80.81
3211.19 616.578 80.35
3154.72 607.7 79.88
3097.04 598.557 79.4
3038.25 589.16 78.92
2978.4 579.521 78.44
2917.6 569.652 77.95
2855.91 559.566 77.46
2793.44 549.277 76.96
2730.28 538.801 76.46
2666.51 528.153 75.95
2602.24 517.349 75.43
2537.54 506.407 74.91
2472.53 495.343 74.39
2407.3 484.177 73.86
2341.94 472.927 73.32
2276.56 461.612 72.78
2211.24 450.252 72.23
2146.08 438.867 71.68
2081.18 427.475 71.12
2016.63 416.099 70.56
1952.52 404.756 69.99
1888.92 393.468 69.41
1825.95 382.254 68.83
1763.66 371.133 68.24
1702.15 360.124 67.65
1641.49 349.244 67.05
1581.74 338.512 66.45
1522.97 327.943 65.84
1465.24 317.554 65.22
1408.62 307.358 64.6
1353.15 297.368 63.98
1298.88 287.595 63.35
1245.85 278.05 62.71
1194.09 268.739 62.07
1143.65 259.669 61.43
1094.53 250.844 60.79
1046.77 242.264 60.14
1000.37 233.929 59.49
955.341 225.836 58.84
911.683 217.977 58.19
869.396 210.346 57.53
828.464 202.931 56.88
788.879 195.719 56.22
750.615 188.697 55.57
713.647 181.847 54.91
677.945 175.154 54.26
643.474 168.6 53.61
610.193 162.167 52.96
578.056 155.837 52.31
547.02 149.592 51.66
517.03 143.414 51.01
488.036 137.286 50.37
459.979 131.187 49.72
432.81 125.102 49.06
406.466 119.021 48.41
380.893 112.934 47.74
356.035 106.834 47.07
331.845 100.717 46.39
308.27 94.5802 45.69
285.27 88.4233 44.97
262.806 82.2485 44.22
240.853 76.0612 43.45
219.386 69.8683 42.64
198.396 63.6802 41.78
177.889 57.5124 40.87
157.876 51.3822 39.89
138.39 45.3134 38.83
119.475 39.3335 37.67
101.193 33.4766 36.38
83.6331 27.7849 34.92
66.905 22.3079 33.22
51.1609 17.1095 31.21
36.6054 12.271 28.7
23.5319 7.90399 25.35
12.3823 4.17267 20.28
3.97275 1.40662 9.38
1 1 0
1 1 0
1 1 0
1 1 0
1 1 0
1 1 0
1 1 0
1 1 0
1 1 0
1 1 0
1 1 0
1 1 0
1 1 0
1 1 0
1 1 0
1 1 0
1 1 0
1 1 0
1 1 0
1 1 0
1 1 0
1 1 0
1 1 0
1 1 0
1 1 0
1 1 0
1 1 0
1 1 0
1 1 0
1 1 0
1 1 0
1 1 0
1 1 0
1 1 0
1 1 0
1 1 0
1 1 0
1 1 0
1 1 0
1 1 0
1 1 0
1 1 0
1 1 0
1 1 0
1 1 0
1 1 0
1 1 0
1 1 0
