1.2711 1 0
2.0044 1 0
2.69579 1 0
3.49877 1 0
4.42638 1 0
5.485 1 0
6.67925 1 0
8.0132 1.02949 116.46
9.49068 1.24695 118.38
11.1155 1.48615 119.15
12.8915 1.74764 119.61
14.8224 2.032 119.9
16.9124 2.3398 120.09
19.1655 2.67164 120.2
21.5859 3.02812 120.26
24.1778 3.40987 120.28
26.9456 3.81752 120.27
29.8939 4.25172 120.22
33.0274 4.71315 120.16
36.3506 5.20248 120.08
39.8687 5.72041 119.98
43.5862 6.26764 119.86
47.5084 6.8449 119.74
51.6404 7.45292 119.6
55.9875 8.09244 119.46
60.5549 8.76422 119.31
65.348 9.46903 119.15
70.3722 10.2076 118.98
75.6332 10.9808 118.81
81.1366 11.7893 118.64
86.888 12.634 118.46
92.8932 13.5157 118.27
99.1579 14.4351 118.09
105.688 15.3932 117.89
112.49 16.3906 117.7
119.569 17.4282 117.5
126.931 18.5068 117.3
134.582 19.6274 117.1
142.529 20.7906 116.9
150.777 21.9972 116.69
159.333 23.2482 116.48
168.202 24.5444 116.27
177.391 25.8864 116.06
186.906 27.2752 115.85
196.753 28.7116 115.63
206.938 30.1962 115.42
217.467 31.7301 115.2
228.347 33.3138 114.98
239.583 34.9481 114.76
251.182 36.6339 114.54
263.148 38.3719 114.32
275.489 40.1628 114.09
288.211 42.0072 113.87
301.318 43.906 113.64
314.817 45.8598 113.42
328.714 47.8692 113.19
343.013 49.935 112.96
357.722 52.0577 112.73
372.838 54.2377 112.5
388.357 56.4753 112.27
404.284 58.771 112.04
420.619 61.1251 111.8
437.366 63.538 111.57
454.526 66.01 111.33
472.1 68.5412 111.1
490.089 71.1319 110.86
508.492 73.782 110.62
527.311 76.4917 110.38
546.544 79.261 110.14
566.191 82.0896 109.9
586.248 84.9775 109.66
606.714 87.9243 109.42
627.587 90.9297 109.17
648.861 93.9933 108.93
670.533 97.1146 108.68
692.599 100.293 108.43
715.051 103.528 108.18
737.885 106.818 107.93
761.091 110.163 107.68
784.664 113.561 107.43
808.594 117.012 107.17
832.873 120.515 106.92
857.487 124.067 106.66
882.429 127.668 106.41
907.684 131.316 106.15
933.241 135.009 105.89
959.085 138.747 105.63
985.202 142.525 105.36
1011.58 146.344 105.1
1038.2 150.201 104.83
1065.04 154.093 104.56
1092.08 158.018 104.3
1119.32 161.974 104.02
1146.73 165.958 103.75
1174.28 169.968 103.48
1201.96 174.002 103.2
1229.74 178.055 102.93
1257.61 182.126 102.65
1285.54 186.211 102.37
1313.5 190.307 102.09
1341.47 194.412 101.8
1369.43 198.521 101.52
1397.34 202.632 101.23
1425.19 206.742 100.94
1452.94 210.846 100.65
1480.57 214.942 100.36
1508.05 219.025 100.07
1535.35 223.093 99.77
1562.44 227.141 99.48
1589.3 231.166 99.18
1615.89 235.165 98.88
1642.19 239.133 98.57
1668.16 243.067 98.27
1693.78 246.963 97.96
1719.02 250.817 97.66
1743.84 254.627 97.35
1768.22 258.387 97.03
1792.13 262.094 96.72
1815.54 265.744 96.4
1838.42 269.335 96.09
1860.74 272.861 95.77
1882.47 276.32 95.45
1903.58 279.708 95.12
1924.06 283.021 94.8
1943.86 286.256 94.47
1962.97 289.408 94.14
1981.36 292.476 93.81
1999 295.455 93.48
2015.87 298.342 93.14
2031.95 301.134 92.8
2047.21 303.827 92.46
2061.63 306.419 92.12
2075.19 308.907 91.78
2087.87 311.287 91.43
2099.65 313.556 91.09
2110.51 315.713 90.74
2120.44 317.753 90.39
2129.42 319.675 90.03
2137.43 321.476 89.68
2144.45 323.154 89.32
2150.49 324.706 88.96
2155.52 326.129 88.6
2159.54 327.423 88.23
2162.53 328.585 87.87
2164.49 329.613 87.5
2165.42 330.506 87.13
2165.3 331.261 86.75
2164.13 331.879 86.38
2161.92 332.356 86
2158.66 332.692 85.62
2154.34 332.887 85.24
2148.98 332.939 84.85
2142.57 332.848 84.46
2135.12 332.613 84.07
2126.64 332.234 83.68
2117.13 331.71 83.29
2106.6 331.043 82.89
2095.07 330.232 82.49
2082.54 329.278 82.08
2069.03 328.182 81.68
2054.55 326.944 81.27
2039.13 325.566 80.86
2022.77 324.048 80.44
2005.49 322.393 80.03
1987.32 320.603 79.61
1968.28 318.68 79.18
1948.39 316.625 78.76
1927.67 314.442 78.33
1906.16 312.133 77.9
1883.87 309.701 77.46
1860.84 307.15 77.02
1837.1 304.484 76.58
1812.67 301.705 76.14
1787.58 298.819 75.69
1761.87 295.829 75.24
1735.58 292.74 74.79
1708.72 289.557 74.33
1681.35 286.284 73.87
1653.49 282.928 73.4
1625.19 279.492 72.94
1596.46 275.983 72.46
1567.36 272.406 71.99
1537.92 268.768 71.51
1508.17 265.074 71.03
1478.17 261.33 70.55
1447.92 257.542 70.06
1417.49 253.717 69.57
1386.9 249.86 69.07
1356.2 245.978 68.57
1325.41 242.077 68.07
1294.57 238.163 67.56
1263.73 234.241 67.06
1232.9 230.316 66.54
1202.14 226.395 66.03
1171.46 222.482 65.51
1140.9 218.581 64.99
1110.5 214.696 64.47
1080.28 210.83 63.94
1050.26 206.987 63.41
1020.49 203.167 62.88
990.972 199.373 62.35
961.743 195.605 61.81
932.82 191.862 61.27
904.229 188.143 60.73
875.984 184.447 60.19
848.104 180.772 59.65
820.602 177.113 59.11
793.498 173.469 58.56
766.798 169.834 58.02
740.513 166.206 57.47
714.649 162.579 56.92
689.218 158.951 56.38
664.219 155.316 55.83
639.656 151.671 55.28
615.529 148.012 54.73
591.836 144.335 54.18
568.577 140.637 53.64
545.747 136.914 53.09
523.337 133.163 52.54
501.341 129.38 51.99
479.752 125.563 51.44
458.559 121.709 50.89
437.75 117.814 50.33
417.315 113.875 49.77
397.243 109.888 49.21
377.521 105.85 48.64
358.137 101.757 48.07
339.079 97.6025 47.48
320.335 93.3794 46.89
301.895 89.0803 46.29
283.75 84.7076 45.67
265.891 80.2655 45.04
248.314 75.7594 44.39
231.014 71.196 43.71
213.991 66.5828 43.01
197.247 61.9291 42.28
180.789 57.2453 41.52
164.628 52.5436 40.71
148.78 47.8376 39.85
133.265 43.1435 38.93
118.112 38.4793 37.95
103.358 33.866 36.87
89.0467 29.3279 35.69
75.2382 24.8938 34.37
62.002 20.5964 32.88
49.429 16.4756 31.14
37.6371 12.5803 29.06
26.7827 8.97263 26.46
17.0878 5.73748 22.95
8.89065 3.00334 17.52
2.82815 1.08239 4.69
1 1 0
1 1 0
1 1 0
1 1 0
1 1 0
1 1 0
1 1 0
1 1 0
1 1 0
1 1 0
1 1 0
1 1 0
1 1 0
1 1 0
1 1 0
1 1 0
1 1 0
1 1 0
1 1 0
1 1 0
1 1 0
1 1 0
1 1 0
1 1 0
1 1 0
1 1 0
1 1 0
1 1 0
1 1 0
1 1 0
1 1 0
1 1 0
1 1 0
1 1 0
1 1 0
1 1 0
1 1 0
1 1 0
1 1 0
1 1 0
1 1 0
1 1 0
1 1 0
1 1 0
1 1 0
1 1 0
1 1 0
1 1 0
1 1 0
1 1 0
