1.036 1 0
1.54673 1 0
2.43227 1 0
3.76297 1 0
5.55941 1 0
7.83063 1.13772 127.58
10.5797 1.59706 130.33
13.8068 2.13654 131.69
17.5107 2.75596 132.58
21.69 3.45506 133.19
26.3439 4.23365 133.63
31.4716 5.09159 133.94
37.0736 6.02891 134.16
43.1509 7.04572 134.3
49.7052 8.14227 134.39
56.7392 9.31895 134.43
64.2561 10.5762 134.43
72.2598 11.9147 134.39
80.7547 13.335 134.33
89.7458 14.8378 134.25
99.2386 16.4242 134.15
109.239 18.0948 134.03
119.753 19.8507 133.89
130.787 21.6928 133.74
142.348 23.6221 133.59
154.444 25.6397 133.42
167.08 27.7468 133.24
180.265 29.9442 133.06
194.006 32.2332 132.86
208.31 34.6149 132.67
223.186 37.0903 132.46
238.64 39.6606 132.26
254.68 42.3268 132.04
271.314 45.09 131.83
288.55 47.9513 131.6
306.394 50.9116 131.38
324.855 53.9721 131.15
343.939 57.1335 130.92
363.653 60.3969 130.69
384.005 63.7632 130.45
405 67.2332 130.22
426.646 70.8076 129.98
448.949 74.4872 129.74
471.914 78.2728 129.49
495.548 82.1649 129.25
519.856 86.164 129
544.842 90.2708 128.75
570.513 94.4855 128.5
596.871 98.8087 128.25
623.922 103.24 127.99
651.669 107.781 127.74
680.116 112.431 127.48
709.265 117.19 127.22
739.119 122.057 126.96
769.68 127.034 126.7
800.949 132.119 126.44
832.929 137.313 126.18
865.619 142.615 125.91
899.021 148.024 125.65
933.133 153.54 125.38
967.956 159.163 125.11
1003.49 164.891 124.84
1039.73 170.724 124.57
1076.68 176.661 124.3
1114.32 182.7 124.03
1152.67 188.842 123.76
1191.72 195.084 123.48
1231.46 201.425 123.21
1271.89 207.863 122.93
1313 214.398 122.65
1354.78 221.028 122.37
1397.24 227.751 122.09
1440.36 234.565 121.81
1484.14 241.468 121.53
1528.57 248.459 121.24
1573.64 255.534 120.96
1619.34 262.694 120.67
1665.67 269.934 120.39
1712.61 277.253 120.1
1760.15 284.648 119.81
1808.29 292.117 119.52
1857.01 299.657 119.22
1906.29 307.266 118.93
1956.14 314.941 118.64
2006.53 322.68 118.34
2057.4 330.473 118.04
2108.65 338.309 117.75
2160.27 346.186 117.45
2212.21 354.096 117.15
2264.45 362.036 116.84
2316.94 369.999 116.54
2369.66 377.98 116.23
2422.57 385.974 115.93
2475.62 393.974 115.62
2528.77 401.975 115.31
2581.99 409.971 115
2635.23 417.956 114.68
2688.45 425.924 114.37
2741.61 433.868 114.05
2794.65 441.783 113.74
2847.54 449.662 113.42
2900.23 457.499 113.1
2952.67 465.288 112.77
3004.81 473.022 112.45
3056.61 480.696 112.12
3108.02 488.304 111.8
3159 495.838 111.47
3209.48 503.294 111.14
3259.44 510.665 110.81
3308.81 517.946 110.47
3357.56 525.13 110.14
3405.63 532.213 109.8
3452.98 539.189 109.46
3499.56 546.051 109.12
3545.33 552.796 108.78
3590.24 559.418 108.44
3634.25 565.912 108.1
3677.31 572.273 107.75
3719.38 578.497 107.41
3760.43 584.579 107.06
3800.4 590.513 106.71
3839.26 596.298 106.36
3876.97 601.927 106.01
3913.49 607.397 105.65
3948.79 612.704 105.3
3982.82 617.844 104.94
4015.56 622.814 104.58
4046.97 627.611 104.23
4077.02 632.229 103.87
4105.68 636.667 103.51
4132.91 640.922 103.14
4158.69 644.988 102.78
4182.98 648.865 102.42
4205.77 652.548 102.05
4227.03 656.035 101.69
4246.72 659.323 101.32
4264.84 662.409 100.95
4281.34 665.289 100.58
4296.23 667.963 100.21
4309.46 670.425 99.84
4321.03 672.675 99.46
4330.92 674.708 99.09
4339.1 676.523 98.71
4345.57 678.117 98.34
4350.3 679.487 97.96
4353.29 680.63 97.58
4354.53 681.545 97.2
4353.99 682.228 96.82
4351.68 682.677 96.44
4347.57 682.889 96.05
4341.67 682.863 95.67
4333.97 682.595 95.28
4324.46 682.083 94.89
4313.14 681.326 94.5
4300.01 680.321 94.11
4285.06 679.065 93.72
4268.3 677.557 93.33
4249.73 675.796 92.93
4229.35 673.779 92.53
4207.17 671.505 92.13
4183.2 668.972 91.73
4157.45 666.18 91.33
4129.92 663.128 90.92
4100.64 659.814 90.52
4069.62 656.239 90.11
4036.87 652.403 89.7
4002.42 648.305 89.28
3966.29 643.947 88.87
3928.5 639.328 88.45
3889.08 634.451 88.03
3848.07 629.318 87.6
3805.5 623.93 87.18
3761.4 618.289 86.75
3715.8 612.4 86.31
3668.76 606.265 85.88
3620.31 599.89 85.44
3570.51 593.277 85
3519.4 586.433 84.55
3467.03 579.363 84.1
3413.46 572.074 83.65
3358.75 564.573 83.19
3302.95 556.866 82.73
3246.14 548.962 82.27
3188.37 540.87 81.8
3129.71 532.599 81.33
3070.23 524.158 80.86
3010.01 515.559 80.38
2949.12 506.811 79.89
2887.62 497.927 79.4
2825.61 488.918 78.91
2763.15 479.796 78.41
2700.33 470.575 77.91
2637.22 461.267 77.4
2573.91 451.887 76.89
2510.47 442.448 76.37
2446.98 432.965 75.85
2383.53 423.451 75.33
2320.2 413.922 74.79
2257.05 404.392 74.26
2194.18 394.877 73.72
2131.65 385.39 73.17
2069.54 375.948 72.62
2007.92 366.564 72.06
1946.87 357.252 71.5
1886.44 348.028 70.94
1826.72 338.905 70.37
1767.74 329.896 69.79
1709.59 321.014 69.21
1652.31 312.272 68.62
1595.96 303.679 68.04
1540.58 295.248 67.44
1486.23 286.987 66.84
1432.94 278.905 66.24
1380.75 271.008 65.64
1329.7 263.301 65.03
1279.82 255.788 64.41
1231.13 248.472 63.8
1183.66 241.352 63.18
1137.43 234.426 62.56
1092.44 227.691 61.94
1048.72 221.141 61.31
1006.26 214.768 60.69
965.069 208.565 60.07
925.142 202.521 59.44
886.472 196.626 58.82
849.049 190.869 58.2
812.856 185.24 57.58
777.874 179.727 56.96
744.08 174.32 56.35
711.445 169.009 55.74
679.937 163.786 55.14
649.52 158.642 54.53
620.155 153.568 53.94
591.8 148.558 53.34
564.407 143.604 52.76
537.93 138.7 52.17
512.318 133.839 51.59
487.519 129.015 51.01
463.481 124.221 50.43
440.151 119.451 49.85
417.478 114.699 49.27
395.409 109.957 48.69
373.903 105.221 48.11
352.945 100.492 47.51
332.522 95.7704 46.91
312.622 91.0584 46.31
293.233 86.3573 45.69
274.346 81.6694 45.06
255.951 76.9972 44.41
238.044 72.3441 43.75
220.618 67.7138 43.07
203.674 63.1109 42.37
187.21 58.5408 41.64
171.23 54.0102 40.88
155.741 49.527 40.09
140.751 45.1013 39.26
126.272 40.7468 38.37
112.32 36.4792 37.43
98.9146 32.3149 36.43
86.0781 28.2715 35.34
73.8382 24.3674 34.15
62.2272 20.6225 32.83
51.283 17.0581 31.36
41.0507 13.6975 29.66
31.584 10.5667 27.66
22.9487 7.69563 25.21
15.2286 5.12032 21.97
8.53537 2.89023 17.11
3.03325 1.13952 5.79
1.52763 1 0
1.21395 1 0
1 1 0
1 1 0
1 1 0
1 1 0
1 1 0
1 1 0
1 1 0
1 1 0
1 1 0
1 1 0
1 1 0
1 1 0
1 1 0
1 1 0
1 1 0
1 1 0
1 1 0
1 1 0
1 1 0
1 1 0
1 1 0
1 1 0
1 1 0
1 1 0
1 1 0
1 1 0
1 1 0
1 1 0
1 1 0
1 1 0
