1 1 0
1 1 0
1 1 0
1 1 0
1 1 0
1 1 0
1 1 0
1 1 0
1 1 0
1 1 0
1 1 0
1 1 0
1 1 0
1 1 0
1 1 0
1 1 0
1 1 0
1.10184 1 0
3.03267 1 0
6.48045 1 0
11.0513 1.79275 112.05
16.5577 2.77938 114.99
22.8849 3.91391 116.89
29.9554 5.18222 118.23
37.7144 6.57427 119.22
46.1214 8.08266 119.96
55.1468 9.70184 120.54
64.7678 11.4276 120.98
74.9677 13.2568 121.31
85.7336 15.1869 121.57
97.0562 17.2161 121.76
108.929 19.343 121.89
121.346 21.5666 121.98
134.306 23.8861 122.03
147.806 26.3011 122.05
161.846 28.8112 122.04
176.426 31.4163 122.01
191.546 34.1163 121.95
207.208 36.9113 121.87
223.415 39.8013 121.78
240.167 42.7866 121.67
257.469 45.8673 121.55
275.322 49.0438 121.42
293.73 52.3162 121.28
312.695 55.6848 121.13
332.22 59.1498 120.97
352.309 62.7116 120.8
372.964 66.3702 120.62
394.188 70.126 120.44
415.984 73.979 120.25
438.355 77.9295 120.06
461.303 81.9774 119.86
484.83 86.1229 119.66
508.938 90.366 119.45
533.631 94.7066 119.24
558.908 99.1446 119.02
584.773 103.68 118.8
611.226 108.312 118.58
638.267 113.042 118.35
665.899 117.868 118.12
694.121 122.79 117.89
722.934 127.807 117.65
752.337 132.92 117.42
782.33 138.128 117.18
812.911 143.429 116.93
844.082 148.824 116.69
875.839 154.312 116.44
908.181 159.891 116.19
941.106 165.561 115.94
974.611 171.32 115.69
1008.69 177.168 115.43
1043.35 183.104 115.18
1078.58 189.126 114.92
1114.37 195.233 114.66
1150.73 201.423 114.39
1187.64 207.696 114.13
1225.11 214.05 113.87
1263.12 220.483 113.6
1301.68 226.993 113.33
1340.77 233.579 113.06
1380.39 240.24 112.79
1420.54 246.973 112.52
1461.2 253.776 112.24
1502.37 260.649 111.97
1544.05 267.587 111.69
1586.19 274.589 111.41
1628.73 281.643 111.13
1671.63 288.746 110.85
1714.87 295.894 110.57
1758.43 303.082 110.28
1802.27 310.307 109.99
1846.37 317.562 109.71
1890.7 324.844 109.42
1935.22 332.148 109.12
1979.91 339.469 108.83
2024.73 346.8 108.54
2069.65 354.138 108.24
2114.62 361.476 107.94
2159.61 368.808 107.64
2204.59 376.13 107.34
2249.51 383.435 107.04
2294.34 390.717 106.73
2339.03 397.97 106.43
2383.53 405.188 106.12
2427.82 412.365 105.81
2471.84 419.495 105.5
2515.55 426.572 105.19
2558.9 433.589 104.87
2601.85 440.539 104.56
2644.36 447.418 104.24
2686.37 454.218 103.92
2727.85 460.934 103.6
2768.75 467.559 103.27
2809.02 474.087 102.95
2848.61 480.513 102.62
2887.48 486.83 102.29
2925.59 493.032 101.96
2962.89 499.113 101.63
2999.34 505.069 101.3
3034.88 510.893 100.96
3069.49 516.579 100.62
3103.11 522.122 100.28
3135.7 527.518 99.94
3167.23 532.76 99.6
3197.65 537.844 99.26
3226.93 542.764 98.91
3255.02 547.516 98.57
3281.88 552.095 98.22
3307.49 556.496 97.87
3331.8 560.715 97.51
3354.79 564.748 97.16
3376.41 568.589 96.8
3396.65 572.235 96.45
3415.46 575.681 96.09
3432.82 578.924 95.73
3448.7 581.959 95.37
3463.07 584.783 95
3475.92 587.392 94.64
3487.21 589.782 94.27
3496.92 591.95 93.9
3505.04 593.892 93.53
3511.55 595.605 93.16
3516.42 597.086 92.78
3519.64 598.331 92.41
3521.2 599.338 92.03
3521.09 600.103 91.65
3519.29 600.624 91.27
3515.8 600.897 90.88
3510.6 600.922 90.5
3503.7 600.694 90.11
3495.09 600.213 89.72
3484.76 599.475 89.33
3472.73 598.479 88.93
3458.98 597.223 88.54
3443.53 595.706 88.14
3426.38 593.927 87.74
3407.54 591.885 87.34
3387.02 589.578 86.93
3364.84 587.007 86.52
3341.01 584.172 86.11
3315.55 581.072 85.7
3288.47 577.708 85.28
3259.81 574.082 84.86
3229.59 570.194 84.44
3197.83 566.046 84.02
3164.57 561.64 83.59
3129.85 556.98 83.16
3093.68 552.068 82.72
3056.13 546.908 82.29
3017.22 541.503 81.85
2977 535.859 81.4
2935.51 529.98 80.96
2892.82 523.873 80.5
2848.95 517.543 80.05
2803.99 510.998 79.59
2757.96 504.244 79.13
2710.95 497.29 78.66
2663 490.144 78.19
2614.18 482.815 77.72
2564.56 475.314 77.24
2514.2 467.649 76.75
2463.17 459.832 76.27
2411.53 451.874 75.78
2359.37 443.786 75.28
2306.74 435.581 74.78
2253.74 427.271 74.27
2200.41 418.869 73.76
2146.85 410.389 73.25
2093.13 401.843 72.73
2039.31 393.245 72.2
1985.47 384.611 71.67
1931.68 375.952 71.14
1878.03 367.285 70.6
1824.56 358.622 70.06
1771.36 349.978 69.51
1718.49 341.367 68.96
1666.02 332.803 68.4
1614.01 324.299 67.84
1562.52 315.867 67.27
1511.61 307.521 66.7
1461.34 299.272 66.12
1411.76 291.132 65.54
1362.91 283.11 64.95
1314.85 275.217 64.36
1267.62 267.46 63.77
1221.25 259.847 63.17
1175.79 252.384 62.57
1131.26 245.075 61.97
1087.69 237.924 61.36
1045.11 230.931 60.75
1003.54 224.097 60.14
962.983 217.42 59.53
923.466 210.896 58.91
884.992 204.52 58.3
847.566 198.286 57.68
811.188 192.186 57.06
775.854 186.212 56.44
741.558 180.354 55.82
708.29 174.603 55.21
676.036 168.948 54.59
644.778 163.379 53.97
614.497 157.888 53.36
585.171 152.464 52.75
556.773 147.1 52.14
529.276 141.786 51.53
502.65 136.516 50.92
476.865 131.284 50.31
451.889 126.082 49.71
427.687 120.905 49.1
404.226 115.75 48.49
381.473 110.611 47.88
359.395 105.485 47.27
337.958 100.37 46.65
317.134 95.2613 46.02
296.892 90.1587 45.39
277.206 85.0602 44.74
258.052 79.9649 44.08
239.409 74.8754 43.4
221.26 69.7989 42.71
203.592 64.7439 41.98
186.396 59.7198 41.23
169.667 54.737 40.44
153.406 49.807 39.61
137.617 44.9421 38.73
122.31 40.156 37.78
107.501 35.4637 36.76
93.2099 30.8812 35.65
79.4629 26.4265 34.42
66.2903 22.1184 33.04
53.7315 17.9783 31.46
41.8307 14.0292 29.57
30.6383 10.2959 27.23
20.2167 6.80742 24.05
10.6376 3.59984 18.9
1.98827 1 0
2.10863 1 0
1.95986 1 0
1.78554 1 0
1.56296 1 0
1.14351 1 0
1 1 0
1 1 0
1 1 0
1 1 0
1 1 0
1 1 0
1 1 0
1 1 0
1 1 0
1 1 0
1 1 0
1 1 0
1 1 0
1 1 0
1 1 0
1 1 0
1 1 0
1 1 0
1 1 0
1 1 0
1 1 0
1 1 0
1 1 0
1 1 0
1 1 0
1 1 0
1 1 0
1 1 0
1 1 0
1 1 0
1 1 0
1 1 0
1 1 0
1 1 0
1 1 0
1 1 0
1 1 0
1 1 0
1 1 0
1 1 0
1 1 0
