1.75666 1 0
4.00422 1 0
6.17605 1 0
8.71391 1.45213 133.88
11.6492 2.00485 135.09
14.9944 2.63475 135.78
18.7579 3.34331 136.21
22.946 4.13175 136.48
27.5654 5.00123 136.65
32.6223 5.9529 136.74
38.1234 6.98798 136.77
44.0759 8.10772 136.76
50.4872 9.31344 136.72
57.3649 10.6065 136.64
64.7172 11.9885 136.54
72.5523 13.4607 136.43
80.8796 15.0249 136.29
89.7076 16.6825 136.14
99.0458 18.4352 135.98
108.904 20.2848 135.81
119.291 22.2328 135.64
130.219 24.2811 135.45
141.695 26.4314 135.25
153.732 28.6854 135.05
166.339 31.0449 134.85
179.526 33.5117 134.64
193.305 36.0876 134.43
207.685 38.7743 134.21
222.678 41.5736 133.99
238.294 44.4872 133.76
254.542 47.5168 133.53
271.435 50.6641 133.31
288.982 53.9307 133.07
307.192 57.3183 132.84
326.077 60.8283 132.6
345.646 64.4625 132.36
365.91 68.222 132.12
386.876 72.1085 131.88
408.556 76.1233 131.64
430.957 80.2675 131.39
454.09 84.5425 131.15
477.961 88.9493 130.9
502.58 93.489 130.65
527.954 98.1625 130.4
554.091 102.971 130.15
580.999 107.914 129.9
608.682 112.994 129.65
637.148 118.211 129.39
666.403 123.565 129.14
696.453 129.056 128.88
727.301 134.685 128.62
758.952 140.452 128.36
791.409 146.357 128.1
824.678 152.4 127.84
858.761 158.58 127.58
893.659 164.897 127.32
929.372 171.351 127.05
965.903 177.941 126.79
1003.25 184.665 126.52
1041.42 191.524 126.26
1080.41 198.516 125.99
1120.2 205.64 125.72
1160.81 212.895 125.45
1202.24 220.278 125.18
1244.47 227.789 124.9
1287.5 235.425 124.63
1331.33 243.185 124.36
1375.95 251.066 124.08
1421.35 259.066 123.8
1467.53 267.184 123.53
1514.48 275.415 123.25
1562.19 283.758 122.97
1610.65 292.21 122.69
1659.85 300.767 122.4
1709.78 309.428 122.12
1760.44 318.187 121.84
1811.79 327.043 121.55
1863.85 335.992 121.26
1916.58 345.03 120.97
1969.98 354.154 120.68
2024.03 363.359 120.39
2078.72 372.643 120.1
2134.03 382 119.81
2189.94 391.427 119.51
2246.44 400.92 119.22
2303.51 410.475 118.92
2361.13 420.087 118.62
2419.28 429.752 118.32
2477.92 439.461 118.02
2536.96 449.204 117.72
2596.37 458.974 117.41
2656.12 468.766 117.11
2716.17 478.571 116.8
2776.48 488.385 116.49
2837 498.198 116.18
2897.69 508.005 115.87
2958.51 517.797 115.56
3019.41 527.568 115.24
3080.35 537.311 114.92
3141.27 547.016 114.61
3202.13 556.678 114.29
3262.87 566.289 113.97
3323.44 575.84 113.64
3383.79 585.325 113.32
3443.87 594.736 112.99
3503.61 604.066 112.66
3562.99 613.307 112.34
3621.92 622.451 112
3680.37 631.493 111.67
3738.27 640.424 111.34
3795.57 649.239 111
3852.21 657.929 110.67
3908.15 666.489 110.33
3963.32 674.913 109.99
4017.67 683.194 109.64
4071.15 691.325 109.3
4123.71 699.303 108.96
4175.29 707.12 108.61
4225.84 714.771 108.26
4275.32 722.252 107.91
4323.67 729.558 107.56
4370.84 736.683 107.21
4416.79 743.623 106.86
4461.48 750.375 106.5
4504.85 756.933 106.15
4546.87 763.294 105.79
4587.49 769.454 105.43
4626.68 775.41 105.07
4664.38 781.158 104.71
4700.56 786.694 104.35
4735.2 792.016 103.98
4768.24 797.121 103.62
4799.66 802.005 103.25
4829.42 806.666 102.89
4857.49 811.1 102.52
4883.84 815.305 102.15
4908.44 819.278 101.78
4931.26 823.017 101.41
4952.27 826.518 101.04
4971.45 829.778 100.67
4988.76 832.796 100.29
5004.19 835.568 99.92
5017.71 838.091 99.54
5029.31 840.362 99.17
5038.95 842.379 98.79
5046.61 844.138 98.41
5052.28 845.636 98.03
5055.95 846.869 97.65
5057.57 847.835 97.27
5057.15 848.53 96.89
5054.66 848.951 96.5
5050.1 849.093 96.12
5043.44 848.954 95.73
5034.68 848.53 95.35
5023.8 847.816 94.96
5010.78 846.809 94.57
4995.63 845.506 94.18
4978.32 843.902 93.79
4958.87 841.993 93.39
4937.26 839.776 93
4913.47 837.247 92.6
4887.53 834.402 92.2
4859.42 831.238 91.8
4829.15 827.751 91.4
4796.72 823.938 90.99
4762.14 819.796 90.59
4725.42 815.322 90.18
4686.56 810.514 89.77
4645.6 805.37 89.36
4602.53 799.887 88.94
4557.39 794.064 88.52
4510.2 787.9 88.1
4460.99 781.396 87.68
4409.79 774.551 87.25
4356.64 767.366 86.82
4301.57 759.843 86.39
4244.63 751.983 85.95
4185.88 743.79 85.51
4125.36 735.267 85.06
4063.12 726.419 84.62
3999.23 717.251 84.16
3933.76 707.77 83.71
3866.79 697.983 83.25
3798.37 687.898 82.78
3728.59 677.525 82.31
3657.54 666.874 81.84
3585.31 655.956 81.36
3511.98 644.784 80.88
3437.65 633.37 80.39
3362.42 621.729 79.9
3286.38 609.877 79.4
3209.66 597.83 78.89
3132.35 585.604 78.38
3054.56 573.218 77.87
2976.41 560.691 77.35
2897.99 548.041 76.82
2819.45 535.29 76.29
2740.87 522.458 75.75
2662.38 509.566 75.21
2584.08 496.635 74.66
2506.1 483.689 74.1
2428.53 470.748 73.54
2351.49 457.835 72.97
2275.09 444.973 72.39
2199.42 432.182 71.81
2124.58 419.486 71.23
2050.67 406.905 70.63
1977.78 394.46 70.03
1905.99 382.172 69.43
1835.38 370.06 68.82
1766.03 358.142 68.2
1698.01 346.436 67.58
1631.38 334.958 66.95
1566.2 323.723 66.31
1502.52 312.744 65.67
1440.39 302.034 65.03
1379.84 291.603 64.38
1320.9 281.458 63.73
1263.6 271.605 63.07
1207.97 262.049 62.41
1154 252.789 61.75
1101.72 243.826 61.08
1051.11 235.154 60.41
1002.17 226.768 59.74
954.889 218.658 59.06
909.252 210.812 58.39
865.229 203.217 57.72
822.794 195.858 57.04
781.913 188.716 56.37
742.544 181.775 55.69
704.648 175.016 55.02
668.175 168.42 54.35
633.073 161.97 53.69
599.288 155.647 53.02
566.765 149.436 52.35
535.443 143.32 51.69
505.261 137.285 51.03
476.157 131.316 50.37
448.07 125.399 49.7
420.939 119.522 49.04
394.7 113.67 48.37
369.298 107.829 47.69
344.675 101.979 47
320.778 96.1147 46.31
297.56 90.2334 45.59
274.976 84.3369 44.86
252.99 78.4284 44.1
231.571 72.5133 43.32
210.696 66.5997 42.49
190.354 60.6979 41.63
170.533 54.8202 40.7
151.246 48.9837 39.72
132.507 43.2078 38.64
114.349 37.5171 37.47
96.8231 31.9417 36.17
79.998 26.5185 34.69
63.9707 21.2932 32.99
48.8745 16.3239 30.95
34.8975 11.6875 28.4
22.3156 7.49049 24.99
11.5724 3.89925 19.75
3.5194 1.26979 7.87
1 1 0
1 1 0
1 1 0
1 1 0
1 1 0
1 1 0
1 1 0
1 1 0
1 1 0
1 1 0
1 1 0
1 1 0
1 1 0
1 1 0
1 1 0
1 1 0
1 1 0
1 1 0
1 1 0
1 1 0
1 1 0
1 1 0
1 1 0
1 1 0
1 1 0
1 1 0
1 1 0
1 1 0
1 1 0
1 1 0
1 1 0
1 1 0
1 1 0
1 1 0
1 1 0
1 1 0
1 1 0
1 1 0
1 1 0
