1.02631 1 0
1.33351 1 0
1.82316 1 0
2.52816 1 0
3.45279 1 0
4.59729 1 0
5.96026 1 0
7.53971 1.1987 121.93
9.3337 1.52749 123.39
11.3406 1.89527 124.24
13.5593 2.30182 124.8
15.9891 2.74702 125.19
18.6299 3.23082 125.45
21.4821 3.75327 125.63
24.5465 4.31453 125.74
27.8243 4.9148 125.8
31.3173 5.55438 125.81
35.0274 6.23362 125.79
38.9572 6.95293 125.74
43.109 7.71277 125.66
47.486 8.51366 125.57
52.0912 9.35615 125.45
56.9281 10.2408 125.32
62.0001 11.1683 125.18
67.3112 12.1393 125.03
72.8649 13.1545 124.87
78.6658 14.2145 124.7
84.7178 15.3201 124.52
91.0251 16.472 124.33
97.5921 17.6711 124.14
104.423 18.918 123.95
111.523 20.2137 123.75
118.897 21.5588 123.54
126.549 22.9541 123.33
134.484 24.4006 123.12
142.706 25.899 122.9
151.221 27.4501 122.68
160.033 29.0547 122.46
169.148 30.7137 122.24
178.569 32.4279 122.01
188.302 34.1981 121.79
198.352 36.0251 121.56
208.724 37.9097 121.33
219.423 39.8528 121.09
230.452 41.855 120.86
241.818 43.9172 120.62
253.524 46.0401 120.39
265.576 48.2245 120.15
277.978 50.4711 119.91
290.734 52.7807 119.67
303.85 55.1539 119.43
317.33 57.5915 119.19
331.177 60.094 118.95
345.397 62.6622 118.7
359.993 65.2967 118.46
374.97 67.998 118.21
390.332 70.7668 117.97
406.082 73.6035 117.72
422.223 76.5088 117.47
438.762 79.483 117.22
455.699 82.5268 116.97
473.039 85.6404 116.72
490.785 88.8243 116.47
508.94 92.0789 116.22
527.508 95.4045 115.97
546.489 98.8014 115.72
565.889 102.27 115.47
585.708 105.81 115.21
605.95 109.423 114.96
626.615 113.107 114.7
647.708 116.864 114.45
669.227 120.693 114.19
691.176 124.594 113.93
713.557 128.568 113.67
736.37 132.614 113.41
759.615 136.732 113.15
783.296 140.923 112.89
807.409 145.185 112.63
831.959 149.519 112.37
856.943 153.924 112.11
882.361 158.401 111.85
908.214 162.948 111.58
934.501 167.566 111.32
961.223 172.254 111.05
988.374 177.011 110.79
1015.96 181.837 110.52
1043.97 186.731 110.25
1072.42 191.693 109.98
1101.29 196.722 109.71
1130.58 201.817 109.44
1160.29 206.978 109.17
1190.43 212.204 108.9
1220.98 217.493 108.63
1251.95 222.846 108.36
1283.32 228.261 108.08
1315.11 233.737 107.81
1347.29 239.273 107.53
1379.88 244.868 107.25
1412.86 250.522 106.98
1446.24 256.232 106.7
1480 261.998 106.42
1514.15 267.819 106.14
1548.67 273.693 105.86
1583.57 279.619 105.58
1618.83 285.596 105.29
1654.46 291.622 105.01
1690.44 297.697 104.72
1726.78 303.819 104.44
1763.45 309.986 104.15
1800.48 316.197 103.87
1837.83 322.451 103.58
1875.51 328.745 103.29
1913.51 335.08 103
1951.83 341.453 102.71
1990.45 347.862 102.41
2029.38 354.307 102.12
2068.6 360.785 101.83
2108.1 367.295 101.53
2147.89 373.836 101.23
2187.96 380.406 100.94
2228.28 387.004 100.64
2268.87 393.628 100.34
2309.72 400.276 100.04
2350.81 406.947 99.74
2392.13 413.64 99.44
2433.69 420.352 99.13
2475.48 427.084 98.83
2517.25 433.799 98.52
2558.14 440.378 98.22
2598.01 446.801 97.9
2636.81 453.062 97.59
2674.48 459.151 97.27
2710.95 465.064 96.95
2746.19 470.791 96.63
2780.14 476.327 96.3
2812.75 481.666 95.97
2843.97 486.801 95.64
2873.76 491.727 95.31
2902.08 496.437 94.97
2928.88 500.928 94.63
2954.13 505.194 94.29
2977.8 509.229 93.94
2999.84 513.031 93.59
3020.23 516.594 93.24
3038.94 519.914 92.89
3055.93 522.988 92.53
3071.21 525.813 92.18
3084.72 528.384 91.81
3096.46 530.7 91.45
3106.4 532.756 91.08
3114.55 534.55 90.72
3120.87 536.081 90.34
3125.36 537.345 89.97
3128.02 538.34 89.59
3128.83 539.066 89.21
3127.8 539.519 88.83
3124.92 539.7 88.45
3120.2 539.606 88.06
3113.64 539.237 87.67
3105.24 538.592 87.28
3095.02 537.671 86.88
3082.98 536.474 86.48
3069.15 535.001 86.08
3053.53 533.252 85.68
3036.15 531.229 85.27
3017.02 528.932 84.86
2996.18 526.362 84.44
2973.64 523.523 84.03
2949.44 520.416 83.61
2923.61 517.043 83.18
2896.19 513.407 82.76
2867.2 509.513 82.33
2836.7 505.364 81.89
2804.71 500.965 81.45
2771.3 496.32 81.01
2736.5 491.434 80.57
2700.36 486.314 80.12
2662.94 480.965 79.67
2624.29 475.395 79.21
2584.48 469.612 78.75
2543.54 463.621 78.28
2501.55 457.434 77.82
2458.58 451.057 77.34
2414.68 444.5 76.87
2369.92 437.774 76.38
2324.37 430.889 75.9
2278.1 423.855 75.41
2231.18 416.684 74.91
2183.68 409.387 74.41
2135.67 401.976 73.91
2087.22 394.464 73.4
2038.41 386.864 72.88
1989.31 379.188 72.36
1940 371.449 71.84
1890.53 363.662 71.31
1841 355.839 70.78
1791.46 347.993 70.24
1741.99 340.139 69.7
1692.66 332.29 69.15
1643.53 324.459 68.6
1594.67 316.658 68.04
1546.14 308.902 67.48
1498 301.202 66.91
1450.32 293.569 66.34
1403.13 286.015 65.76
1356.51 278.55 65.18
1310.5 271.185 64.6
1265.14 263.926 64.01
1220.48 256.783 63.41
1176.56 249.76 62.82
1133.42 242.863 62.22
1091.09 236.096 61.62
1049.59 229.46 61.01
1008.95 222.955 60.4
969.199 216.58 59.79
930.346 210.332 59.18
892.408 204.207 58.56
855.393 198.198 57.95
819.308 192.298 57.33
784.154 186.499 56.71
749.929 180.792 56.09
716.627 175.168 55.48
684.242 169.616 54.86
652.76 164.129 54.24
622.164 158.695 53.62
592.436 153.306 53.01
563.554 147.953 52.39
535.497 142.629 51.78
508.238 137.325 51.16
481.747 132.034 50.54
455.997 126.75 49.92
430.956 121.465 49.3
406.594 116.172 48.68
382.878 110.866 48.05
359.779 105.538 47.41
337.265 100.177 46.76
315.307 94.7768 46.11
293.877 89.3407 45.43
272.955 83.8732 44.74
252.513 78.3798 44.03
232.537 72.8678 43.3
213.013 67.3457 42.53
193.933 61.8237 41.72
175.294 56.3136 40.87
157.1 50.8289 39.97
139.366 45.3861 38.99
122.11 40.0036 37.94
105.368 34.7041 36.77
89.1838 29.5137 35.48
73.6203 24.4648 34.01
58.7701 19.5992 32.3
44.7492 14.9671 30.24
31.7406 10.6411 27.65
20.0086 6.72194 24.12
10.0047 3.37786 18.5
2.67541 1.05023 3.76
1 1 0
1 1 0
1 1 0
1 1 0
1 1 0
1 1 0
1 1 0
1 1 0
1 1 0
1 1 0
1 1 0
1 1 0
1 1 0
1 1 0
1 1 0
1 1 0
1 1 0
1 1 0
1 1 0
1 1 0
1 1 0
1 1 0
1 1 0
1 1 0
1 1 0
1 1 0
1 1 0
1 1 0
1 1 0
1 1 0
1 1 0
1 1 0
1 1 0
1 1 0
1 1 0
1 1 0
1 1 0
1 1 0
1 1 0
1 1 0
1 1 0
1 1 0
1 1 0
1 1 0
1 1 0
