1.06634 1 0
1.6687 1 0
2.57599 1 0
3.87948 1 0
5.60871 1 0
7.78495 1.2925 128.53
10.4247 1.79684 130.4
13.5416 2.39262 131.54
17.1472 3.08208 132.33
21.2521 3.86724 132.9
25.8664 4.74999 133.32
30.9999 5.73218 133.63
36.6622 6.81561 133.86
42.8633 8.00212 134.02
49.613 9.29355 134.12
56.9215 10.6918 134.18
64.7997 12.1988 134.21
73.258 13.8165 134.2
82.3075 15.5469 134.17
91.9597 17.3921 134.12
102.226 19.3541 134.04
113.118 21.435 133.95
124.648 23.6371 133.85
136.828 25.9623 133.73
149.67 28.4129 133.6
163.186 30.9911 133.46
177.39 33.699 133.31
192.292 36.5387 133.15
207.907 39.5123 132.98
224.246 42.6221 132.81
241.321 45.87 132.63
259.146 49.2581 132.45
277.732 52.7884 132.26
297.09 56.4628 132.07
317.234 60.2833 131.87
338.174 64.2515 131.67
359.923 68.3694 131.46
382.49 72.6386 131.25
405.888 77.0607 131.04
430.126 81.6371 130.82
455.214 86.3692 130.61
481.163 91.2584 130.38
507.98 96.3059 130.16
535.676 101.513 129.93
564.258 106.88 129.71
593.736 112.408 129.48
624.114 118.098 129.24
655.4 123.95 129.01
687.601 129.965 128.77
720.723 136.142 128.53
754.767 142.483 128.29
789.74 148.987 128.05
825.645 155.653 127.8
862.485 162.482 127.56
900.26 169.473 127.31
938.974 176.624 127.06
978.624 183.936 126.81
1019.21 191.406 126.55
1060.74 199.035 126.3
1103.19 206.819 126.04
1146.58 214.758 125.78
1190.9 222.85 125.52
1236.13 231.092 125.26
1282.29 239.483 125
1329.35 248.019 124.73
1377.32 256.699 124.47
1426.18 265.52 124.2
1475.93 274.479 123.93
1526.55 283.572 123.66
1578.04 292.796 123.39
1630.38 302.149 123.11
1683.57 311.625 122.84
1737.57 321.221 122.56
1792.39 330.934 122.28
1848 340.758 122
1904.4 350.69 121.72
1961.55 360.725 121.43
2019.45 370.858 121.15
2078.07 381.085 120.86
2137.41 391.401 120.57
2197.42 401.8 120.28
2258.11 412.278 119.99
2319.43 422.83 119.7
2381.38 433.45 119.4
2443.93 444.133 119.11
2507.05 454.873 118.81
2570.72 465.664 118.51
2634.87 476.496 118.21
2699.45 487.36 117.91
2764.41 498.248 117.6
2829.72 509.151 117.3
2895.32 520.063 116.99
2961.18 530.973 116.68
3027.22 541.874 116.37
3093.42 552.757 116.05
3159.7 563.613 115.74
3226.03 574.434 115.42
3292.33 585.209 115.1
3358.57 595.931 114.78
3424.67 606.591 114.46
3490.59 617.18 114.14
3556.26 627.689 113.81
3621.62 638.11 113.48
3686.62 648.434 113.15
3751.19 658.653 112.82
3815.28 668.759 112.49
3878.81 678.743 112.15
3941.75 688.597 111.82
4004.01 698.315 111.48
4065.54 707.888 111.14
4126.29 717.309 110.8
4186.19 726.572 110.45
4245.18 735.669 110.11
4303.22 744.594 109.76
4360.23 753.342 109.42
4416.18 761.905 109.07
4471 770.28 108.71
4524.63 778.461 108.36
4577.03 786.442 108.01
4628.17 794.22 107.65
4677.96 801.79 107.3
4726.39 809.147 106.94
4773.39 816.288 106.58
4818.93 823.21 106.22
4862.97 829.91 105.85
4905.46 836.383 105.49
4946.37 842.628 105.13
4985.65 848.641 104.76
5023.28 854.42 104.4
5059.22 859.963 104.03
5093.43 865.267 103.66
5125.89 870.331 103.29
5156.57 875.151 102.92
5185.43 879.726 102.55
5212.45 884.053 102.18
5237.6 888.132 101.8
5260.87 891.959 101.43
5282.21 895.532 101.06
5301.62 898.85 100.68
5319.06 901.91 100.3
5334.52 904.71 99.93
5347.97 907.247 99.55
5359.4 909.52 99.17
5368.79 911.524 98.79
5376.11 913.258 98.41
5381.36 914.719 98.03
5384.51 915.903 97.65
5385.55 916.807 97.27
5384.46 917.428 96.89
5381.22 917.763 96.5
5375.83 917.808 96.12
5368.27 917.558 95.73
5358.52 917.011 95.34
5346.57 916.162 94.96
5332.42 915.006 94.57
5316.04 913.54 94.18
5297.44 911.76 93.79
5276.6 909.66 93.4
5253.52 907.236 93
5228.19 904.485 92.61
5200.6 901.401 92.21
5170.77 897.98 91.81
5138.67 894.219 91.41
5104.32 890.112 91.01
5067.73 885.656 90.61
5028.89 880.847 90.2
4987.81 875.682 89.79
4944.52 870.158 89.38
4899.01 864.271 88.97
4851.31 858.019 88.56
4801.44 851.401 88.14
4749.43 844.415 87.72
4695.3 837.06 87.29
4639.1 829.336 86.87
4580.85 821.244 86.44
4520.59 812.785 86
4458.38 803.961 85.57
4394.26 794.775 85.13
4328.29 785.231 84.68
4260.53 775.334 84.24
4191.04 765.091 83.78
4119.91 754.507 83.33
4047.19 743.592 82.87
3972.98 732.354 82.4
3897.36 720.803 81.93
3820.41 708.952 81.46
3742.24 696.814 80.98
3662.94 684.401 80.49
3582.62 671.73 80
3501.39 658.816 79.51
3419.34 645.677 79.01
3336.62 632.332 78.5
3253.31 618.8 77.99
3169.55 605.101 77.47
3085.47 591.257 76.94
3001.17 577.29 76.41
2916.78 563.223 75.88
2832.44 549.08 75.33
2748.26 534.885 74.79
2664.36 520.663 74.23
2580.87 506.437 73.67
2497.91 492.235 73.1
2415.6 478.079 72.52
2334.04 463.997 71.94
2253.35 450.012 71.35
2173.65 436.149 70.76
2095.02 422.432 70.16
2017.57 408.885 69.55
1941.38 395.529 68.94
1866.56 382.387 68.32
1793.17 369.479 67.69
1721.29 356.824 67.06
1650.99 344.441 66.42
1582.33 332.344 65.77
1515.36 320.55 65.12
1450.12 309.069 64.47
1386.67 297.913 63.81
1325.03 287.089 63.14
1265.23 276.603 62.47
1207.28 266.458 61.8
1151.2 256.652 61.13
1096.98 247.182 60.45
1044.63 238.042 59.77
994.143 229.223 59.09
945.492 220.712 58.4
898.659 212.493 57.72
853.613 204.55 57.04
810.319 196.864 56.36
768.735 189.415 55.68
728.813 182.183 55
690.504 175.146 54.33
653.745 168.286 53.66
618.476 161.584 53
584.628 155.021 52.33
552.135 148.581 51.67
520.918 142.248 51.02
490.904 136.007 50.36
462.014 129.843 49.71
434.172 123.741 49.05
407.3 117.687 48.39
381.32 111.666 47.73
356.165 105.66 47.06
331.763 99.6483 46.38
308.056 93.6215 45.68
284.987 87.5786 44.97
262.518 81.5228 44.23
240.629 75.4625 43.46
219.299 69.4073 42.66
198.519 63.3689 41.81
178.281 57.36 40.92
158.587 51.3957 39.96
139.449 45.4944 38.92
120.889 39.6768 37.79
102.941 33.9682 36.54
85.6607 28.4 35.13
69.1268 23.0119 33.49
53.4539 17.8552 31.56
38.8095 12.9991 29.15
25.4503 8.54328 25.96
13.8025 4.64672 21.17
4.69009 1.63035 11.29
1 1 0
1 1 0
1 1 0
1 1 0
1 1 0
1 1 0
1 1 0
1 1 0
1 1 0
1 1 0
1 1 0
1 1 0
1 1 0
1 1 0
1 1 0
1 1 0
1 1 0
1 1 0
1 1 0
1 1 0
1 1 0
1 1 0
1 1 0
1 1 0
1 1 0
1 1 0
1 1 0
1 1 0
1 1 0
1 1 0
1 1 0
1 1 0
1 1 0
1 1 0
1 1 0
1 1 0
1 1 0
1 1 0
1 1 0
1 1 0
