1 1 0
1 1 0
1 1 0
1 1 0
1 1 0
1 1 0
1 1 0
1 1 0
1 1 0
1 1 0
1 1 0
1 1 0
1 1 0
1.087 1 0
1.61948 1 0
2.73451 1 0
4.4735 1 0
6.84969 1.05332 109.6
9.86473 1.59762 113.93
13.5154 2.25696 116.2
17.7968 3.03042 117.8
22.7039 3.91701 119
28.2319 4.91587 119.93
34.3775 6.02624 120.67
41.1381 7.24759 121.26
48.5123 8.57956 121.73
56.4997 10.022 122.11
65.1008 11.5748 122.41
74.3174 13.2382 122.66
84.1519 15.0124 122.84
94.6072 16.8979 122.99
105.687 18.8951 123.09
117.396 21.0046 123.16
129.739 23.2271 123.2
142.72 25.5633 123.22
156.345 28.014 123.21
170.621 30.58 123.18
185.552 33.2621 123.14
201.147 36.0611 123.08
217.409 38.9779 123
234.347 42.0134 122.91
251.966 45.1684 122.81
270.273 48.4437 122.7
289.274 51.8401 122.58
308.976 55.3585 122.45
329.385 58.9994 122.31
350.507 62.7636 122.16
372.346 66.6517 122.01
394.911 70.6643 121.85
418.206 74.8018 121.68
442.235 79.0648 121.51
467.004 83.4534 121.33
492.516 87.9681 121.15
518.778 92.609 120.96
545.792 97.3762 120.77
573.562 102.27 120.58
602.091 107.29 120.38
631.381 112.436 120.17
661.437 117.708 119.97
692.258 123.106 119.76
723.848 128.629 119.54
756.203 134.277 119.33
789.33 140.049 119.11
823.229 145.944 118.88
857.893 151.961 118.66
893.328 158.1 118.43
929.527 164.358 118.2
966.493 170.736 117.97
1004.22 177.232 117.73
1042.7 183.844 117.49
1081.94 190.571 117.25
1121.94 197.411 117.01
1162.67 204.362 116.77
1204.15 211.422 116.52
1246.36 218.59 116.27
1289.31 225.863 116.02
1332.97 233.239 115.77
1377.35 240.716 115.51
1422.42 248.29 115.26
1468.14 255.954 115
1514.46 263.7 114.74
1561.37 271.526 114.47
1608.83 279.426 114.21
1656.81 287.394 113.94
1705.3 295.427 113.67
1754.26 303.517 113.4
1803.65 311.66 113.12
1853.44 319.85 112.85
1903.61 328.08 112.57
1954.09 336.344 112.29
2004.87 344.635 112.01
2055.9 352.947 111.73
2107.13 361.273 111.44
2158.53 369.606 111.15
2210.05 377.939 110.86
2261.63 386.265 110.57
2313.25 394.576 110.27
2364.84 402.865 109.98
2416.37 411.125 109.68
2467.78 419.349 109.38
2519.01 427.528 109.08
2570.03 435.656 108.77
2620.77 443.725 108.46
2671.18 451.728 108.16
2721.22 459.658 107.84
2770.83 467.508 107.53
2819.95 475.269 107.22
2868.54 482.937 106.9
2916.56 490.502 106.58
2963.93 497.96 106.26
3010.6 505.303 105.94
3056.54 512.525 105.61
3101.69 519.62 105.28
3145.99 526.581 104.96
3189.41 533.402 104.62
3231.89 540.079 104.29
3273.38 546.605 103.96
3313.84 552.975 103.62
3353.22 559.184 103.28
3391.49 565.226 102.94
3428.58 571.098 102.6
3464.48 576.793 102.26
3499.12 582.309 101.91
3532.48 587.64 101.57
3564.51 592.782 101.22
3595.19 597.732 100.87
3624.46 602.485 100.51
3652.31 607.038 100.16
3678.7 611.387 99.81
3703.58 615.529 99.45
3726.95 619.46 99.09
3748.77 623.178 98.73
3769 626.678 98.37
3787.64 629.958 98.01
3804.64 633.016 97.64
3820 635.848 97.27
3833.68 638.451 96.91
3845.68 640.822 96.54
3855.97 642.96 96.16
3864.52 644.862 95.79
3871.34 646.525 95.42
3876.41 647.946 95.04
3879.7 649.123 94.66
3881.23 650.055 94.28
3880.96 650.738 93.9
3878.9 651.171 93.52
3875.04 651.351 93.13
3869.38 651.277 92.75
3861.91 650.947 92.36
3852.64 650.359 91.97
3841.55 649.511 91.58
3828.67 648.401 91.18
3813.99 647.029 90.79
3797.51 645.393 90.39
3779.25 643.493 89.99
3759.22 641.326 89.59
3737.43 638.893 89.18
3713.88 636.193 88.77
3688.61 633.226 88.36
3661.63 629.992 87.95
3632.96 626.491 87.54
3602.62 622.725 87.12
3570.64 618.693 86.7
3537.05 614.399 86.28
3501.89 609.842 85.85
3465.17 605.026 85.43
3426.94 599.953 84.99
3387.24 594.625 84.56
3346.11 589.048 84.12
3303.58 583.223 83.68
3259.72 577.157 83.24
3214.56 570.854 82.79
3168.15 564.319 82.34
3120.56 557.559 81.89
3071.84 550.579 81.43
3022.04 543.388 80.97
2971.22 535.993 80.5
2919.46 528.402 80.03
2866.8 520.624 79.56
2813.32 512.668 79.08
2759.1 504.545 78.6
2704.19 496.264 78.11
2648.66 487.838 77.62
2592.6 479.276 77.13
2536.07 470.591 76.63
2479.14 461.796 76.13
2421.91 452.903 75.62
2364.43 443.926 75.11
2306.78 434.877 74.59
2249.04 425.77 74.07
2191.27 416.62 73.54
2133.58 407.441 73.01
2076 398.247 72.48
2018.63 389.052 71.94
1961.53 379.87 71.39
1904.77 370.716 70.84
1848.42 361.605 70.29
1792.54 352.549 69.73
1737.19 343.562 69.17
1682.44 334.659 68.6
1628.35 325.85 68.02
1574.96 317.149 67.45
1522.32 308.568 66.87
1470.5 300.116 66.28
1419.52 291.803 65.69
1369.43 283.639 65.1
1320.27 275.631 64.5
1272.07 267.785 63.9
1224.86 260.107 63.3
1178.67 252.599 62.69
1133.51 245.265 62.08
1089.4 238.104 61.47
1046.36 231.115 60.86
1004.4 224.295 60.24
963.513 217.638 59.62
923.708 211.139 59.01
884.982 204.79 58.39
847.327 198.581 57.77
810.729 192.501 57.15
775.179 186.54 56.53
740.655 180.686 55.92
707.138 174.927 55.3
674.603 169.25 54.68
643.023 163.644 54.06
612.366 158.097 53.45
582.608 152.598 52.83
553.707 147.134 52.22
525.631 141.697 51.6
498.345 136.275 50.99
471.808 130.857 50.37
445.988 125.434 49.74
420.843 119.994 49.12
396.34 114.524 48.48
372.441 109.013 47.84
349.118 103.459 47.19
326.336 97.8609 46.52
304.069 92.221 45.84
282.294 86.5428 45.14
260.992 80.8317 44.42
240.149 75.0951 43.67
219.756 69.3422 42.88
199.814 63.5852 42.06
180.326 57.8377 41.19
161.309 52.1169 40.26
142.786 46.4425 39.26
124.791 40.8383 38.17
107.373 35.3326 36.98
90.593 29.9573 35.66
74.5368 24.7534 34.15
59.3074 19.7676 32.41
45.0419 15.0579 30.33
31.932 10.7008 27.73
20.2396 6.7967 24.23
10.3742 3.49964 18.83
3.11369 1.15609 6.18
1 1 0
1 1 0
1 1 0
1 1 0
1 1 0
1 1 0
1 1 0
1 1 0
1 1 0
1 1 0
1 1 0
1 1 0
1 1 0
1 1 0
1 1 0
1 1 0
1 1 0
1 1 0
1 1 0
1 1 0
1 1 0
1 1 0
1 1 0
1 1 0
1 1 0
1 1 0
1 1 0
1 1 0
1 1 0
1 1 0
1 1 0
1 1 0
1 1 0
1 1 0
1 1 0
1 1 0
1 1 0
1 1 0
1 1 0
1 1 0
1 1 0
1 1 0
1 1 0
1 1 0
1 1 0
1 1 0
