8.07864 1.21302 141.56
13.478 2.13937 140.48
16.9406 2.73343 139.71
20.2859 3.30737 139.07
23.6747 3.88871 138.49
27.1686 4.48802 137.97
30.8002 5.11087 137.47
34.5903 5.76083 137.01
38.554 6.44043 136.57
42.7031 7.15173 136.14
47.0478 7.89642 135.73
51.5972 8.67604 135.33
56.3596 9.49199 134.95
61.3427 10.3456 134.57
66.5542 11.2381 134.2
72.0015 12.1707 133.84
77.6918 13.1448 133.49
83.6323 14.1613 133.14
89.8301 15.2216 132.8
96.2922 16.3268 132.47
103.026 17.478 132.14
110.038 18.6765 131.81
117.336 19.9234 131.49
124.927 21.2199 131.17
132.818 22.567 130.86
141.016 23.9661 130.55
149.529 25.4182 130.24
158.363 26.9245 129.93
167.525 28.4862 129.63
177.024 30.1044 129.33
186.865 31.7803 129.03
197.058 33.5149 128.74
207.607 35.3095 128.45
218.522 37.1651 128.15
229.809 39.0829 127.86
241.474 41.064 127.58
253.526 43.1095 127.29
265.972 45.2205 127
278.817 47.398 126.72
292.071 49.643 126.44
305.739 51.9567 126.16
319.829 54.34 125.87
334.346 56.794 125.6
349.298 59.3196 125.32
364.692 61.9177 125.04
380.534 64.5893 124.76
396.831 67.3353 124.49
413.589 70.1566 124.21
430.814 73.0539 123.94
448.512 76.0282 123.66
466.69 79.0802 123.39
485.352 82.2105 123.11
504.505 85.4198 122.84
524.153 88.7089 122.57
544.303 92.0783 122.29
564.958 95.5285 122.02
586.124 99.0602 121.75
607.807 102.674 121.48
630.009 106.37 121.21
652.735 110.148 120.93
675.989 114.01 120.66
699.776 117.955 120.39
724.098 121.983 120.12
748.957 126.095 119.85
774.36 130.291 119.57
800.306 134.571 119.3
826.799 138.935 119.03
853.84 143.382 118.76
881.433 147.913 118.48
909.578 152.527 118.21
938.275 157.225 117.94
967.527 162.006 117.66
997.335 166.869 117.39
1027.7 171.814 117.11
1058.61 176.84 116.84
1090.08 181.948 116.56
1122.11 187.136 116.29
1154.69 192.403 116.01
1187.81 197.749 115.73
1221.49 203.174 115.45
1255.72 208.675 115.17
1290.49 214.252 114.9
1325.8 219.905 114.62
1361.65 225.631 114.34
1398.04 231.43 114.05
1434.96 237.301 113.77
1472.4 243.242 113.49
1510.37 249.252 113.21
1548.85 255.329 112.92
1587.86 261.473 112.64
1627.36 267.681 112.35
1667.37 273.951 112.07
1707.87 280.284 111.78
1748.86 286.675 111.49
1790.34 293.125 111.2
1832.29 299.631 110.91
1874.7 306.191 110.62
1917.58 312.804 110.33
1960.91 319.468 110.04
2004.69 326.18 109.75
2048.84 332.932 109.45
2093.07 339.685 109.16
2137.29 346.429 108.86
2181.46 353.158 108.56
2225.54 359.866 108.26
2269.47 366.546 107.95
2313.21 373.191 107.65
2356.72 379.795 107.34
2399.94 386.351 107.03
2442.83 392.853 106.72
2485.34 399.295 106.41
2527.41 405.67 106.1
2569.01 411.972 105.78
2610.07 418.194 105.46
2650.56 424.33 105.14
2690.43 430.375 104.82
2729.62 436.322 104.5
2768.09 442.166 104.17
2805.8 447.9 103.85
2842.69 453.52 103.52
2878.73 459.019 103.19
2913.87 464.392 102.85
2948.06 469.635 102.52
2981.27 474.742 102.18
3013.45 479.708 101.84
3044.56 484.529 101.5
3074.57 489.199 101.16
3103.43 493.715 100.82
3131.12 498.072 100.47
3157.59 502.267 100.12
3182.81 506.294 99.77
3206.75 510.15 99.42
3229.37 513.832 99.07
3250.66 517.335 98.72
3270.57 520.657 98.36
3289.09 523.793 98
3306.18 526.741 97.64
3321.83 529.497 97.28
3336.01 532.059 96.92
3348.7 534.423 96.55
3359.89 536.587 96.18
3369.55 538.548 95.82
3377.66 540.303 95.45
3384.22 541.85 95.07
3389.2 543.187 94.7
3392.61 544.311 94.32
3394.42 545.221 93.95
3394.64 545.913 93.57
3393.24 546.387 93.18
3390.24 546.64 92.8
3385.63 546.671 92.41
3379.39 546.478 92.03
3371.54 546.061 91.64
3362.08 545.417 91.24
3351.01 544.546 90.85
3338.33 543.447 90.45
3324.06 542.119 90.06
3308.2 540.561 89.66
3290.77 538.774 89.25
3271.77 536.758 88.85
3251.23 534.512 88.44
3229.16 532.037 88.03
3205.57 529.333 87.62
3180.5 526.402 87.2
3153.97 523.245 86.78
3125.99 519.863 86.36
3096.61 516.259 85.94
3065.84 512.433 85.51
3033.72 508.39 85.08
3000.29 504.132 84.65
2965.58 499.661 84.21
2929.63 494.982 83.77
2892.48 490.099 83.33
2854.17 485.016 82.89
2814.75 479.737 82.44
2774.26 474.269 81.98
2732.76 468.617 81.53
2690.29 462.786 81.07
2646.9 456.783 80.61
2602.65 450.616 80.14
2557.59 444.291 79.67
2511.79 437.816 79.19
2465.29 431.199 78.72
2418.16 424.449 78.23
2370.46 417.575 77.75
2322.25 410.585 77.25
2273.59 403.49 76.76
2224.54 396.298 76.26
2175.16 389.021 75.76
2125.53 381.669 75.25
2075.7 374.252 74.74
2025.73 366.781 74.22
1975.69 359.268 73.7
1925.65 351.723 73.17
1875.66 344.158 72.64
1825.78 336.584 72.1
1776.07 329.012 71.56
1726.6 321.455 71.02
1677.41 313.923 70.47
1628.57 306.427 69.92
1580.13 298.979 69.36
1532.13 291.588 68.8
1484.64 284.266 68.23
1437.69 277.022 67.66
1391.34 269.867 67.08
1345.62 262.808 66.5
1300.58 255.855 65.92
1256.25 249.015 65.33
1212.67 242.296 64.74
1169.87 235.702 64.14
1127.87 229.239 63.54
1086.71 222.91 62.94
1046.41 216.719 62.34
1006.99 210.667 61.73
968.458 204.753 61.12
930.835 198.976 60.51
894.13 193.332 59.89
858.351 187.818 59.28
823.5 182.429 58.66
789.577 177.156 58.04
756.583 171.994 57.43
724.51 166.932 56.81
693.35 161.964 56.19
663.089 157.08 55.57
633.719 152.271 54.96
605.215 147.528 54.34
577.564 142.843 53.73
550.738 138.208 53.12
524.712 133.615 52.51
499.461 129.057 51.9
474.954 124.527 51.29
451.159 120.019 50.68
428.044 115.524 50.07
405.575 111.038 49.46
383.716 106.552 48.85
362.432 102.06 48.23
341.692 97.5532 47.61
321.459 93.0229 46.98
301.702 88.4573 46.33
282.393 83.8437 45.68
263.506 79.1817 45.01
245.017 74.4733 44.32
226.912 69.7233 43.61
209.185 64.9394 42.87
191.832 60.1308 42.09
174.854 55.3077 41.28
158.256 50.4824 40.43
142.046 45.6686 39.52
126.243 40.8822 38.54
110.87 36.1417 37.48
95.9589 31.4684 36.33
81.5566 26.8885 35.04
67.7206 22.4317 33.59
54.5315 18.1358 31.92
42.0954 14.0468 29.94
30.5572 10.2243 27.49
20.1248 6.7493 24.26
11.1192 3.74379 19.46
4.11679 1.44744 9.83
1 1 0
1 1 0
1 1 0
1 1 0
1 1 0
1 1 0
1 1 0
1 1 0
1 1 0
1 1 0
1 1 0
1 1 0
1 1 0
1 1 0
1 1 0
1 1 0
1 1 0
1 1 0
1 1 0
1 1 0
1 1 0
1 1 0
1 1 0
1 1 0
1 1 0
1 1 0
1 1 0
1 1 0
1 1 0
1 1 0
1 1 0
1 1 0
1 1 0
1 1 0
1 1 0
1 1 0
1 1 0
1 1 0
1 1 0
1 1 0
1 1 0
1 1 0
