5.26658 1 0
11.6458 1.88982 139.99
16.5288 2.75872 140.38
21.6568 3.67157 140.46
27.1704 4.65329 140.42
33.1235 5.71335 140.32
39.5458 6.85701 140.18
46.4582 8.08791 140.01
53.8776 9.40898 139.82
61.819 10.8228 139.61
70.2964 12.3318 139.4
79.3234 13.9382 139.17
88.9134 15.6444 138.94
99.0797 17.4526 138.7
109.836 19.3651 138.46
121.195 21.384 138.21
133.172 23.5117 137.96
145.778 25.7504 137.71
159.029 28.1023 137.46
172.937 30.5697 137.2
187.517 33.1548 136.94
202.782 35.8598 136.69
218.746 38.6868 136.43
235.424 41.6382 136.16
252.827 44.7159 135.9
270.97 47.922 135.64
289.867 51.2587 135.38
309.53 54.7278 135.11
329.974 58.3314 134.85
351.209 62.0713 134.58
373.25 65.9492 134.31
396.109 69.967 134.05
419.796 74.1263 133.78
444.325 78.4285 133.51
469.707 82.8753 133.25
495.951 87.4679 132.98
523.069 92.2075 132.71
551.072 97.0954 132.44
579.968 102.133 132.17
609.766 107.32 131.9
640.473 112.658 131.63
672.101 118.147 131.36
704.654 123.789 131.08
738.138 129.583 130.81
772.56 135.529 130.54
807.926 141.628 130.26
844.238 147.879 129.99
881.501 154.282 129.71
919.719 160.837 129.44
958.892 167.542 129.16
999.021 174.398 128.88
1040.11 181.402 128.6
1082.15 188.555 128.33
1125.15 195.853 128.05
1169.11 203.297 127.76
1214.01 210.883 127.48
1259.86 218.611 127.2
1306.65 226.478 126.92
1354.37 234.481 126.63
1403.02 242.618 126.35
1452.59 250.887 126.06
1503.07 259.284 125.77
1554.45 267.806 125.48
1606.72 276.45 125.19
1659.86 285.213 124.9
1713.87 294.091 124.61
1768.7 303.077 124.31
1824.3 312.165 124.02
1880.65 321.35 123.72
1937.73 330.625 123.43
1995.51 339.986 123.13
2053.95 349.426 122.83
2113.02 358.939 122.53
2172.69 368.518 122.22
2232.91 378.156 121.92
2293.65 387.847 121.61
2354.88 397.583 121.31
2416.54 407.357 121
2478.59 417.16 120.69
2540.98 426.986 120.37
2603.67 436.826 120.06
2666.62 446.672 119.74
2729.76 456.518 119.43
2793.06 466.354 119.11
2856.47 476.173 118.79
2919.92 485.967 118.47
2983.38 495.728 118.14
3046.79 505.449 117.82
3110.09 515.121 117.49
3173.23 524.737 117.16
3236.16 534.29 116.83
3298.83 543.772 116.5
3361.17 553.175 116.17
3423.14 562.492 115.83
3484.68 571.717 115.5
3545.75 580.843 115.16
3606.28 589.862 114.82
3666.22 598.769 114.48
3725.52 607.557 114.13
3784.13 616.22 113.79
3842 624.753 113.44
3899.08 633.15 113.1
3955.33 641.405 112.75
4010.68 649.515 112.4
4065.1 657.473 112.04
4118.54 665.276 111.69
4170.96 672.919 111.34
4222.31 680.399 110.98
4272.55 687.71 110.62
4321.64 694.851 110.27
4369.53 701.817 109.91
4416.21 708.606 109.55
4461.61 715.213 109.19
4505.72 721.638 108.82
4548.49 727.877 108.46
4589.89 733.927 108.1
4629.9 739.787 107.73
4668.47 745.454 107.36
4705.59 750.927 107
4741.22 756.203 106.63
4775.33 761.28 106.26
4807.9 766.158 105.89
4838.92 770.834 105.52
4868.34 775.306 105.15
4896.15 779.574 104.77
4922.33 783.635 104.4
4946.86 787.488 104.03
4969.71 791.132 103.65
4990.87 794.564 103.28
5010.33 797.784 102.9
5028.06 800.79 102.53
5044.05 803.579 102.15
5058.27 806.15 101.77
5070.72 808.502 101.39
5081.39 810.632 101.02
5090.24 812.539 100.64
5097.29 814.22 100.26
5102.5 815.673 99.88
5105.87 816.897 99.49
5107.39 817.887 99.11
5107.05 818.643 98.73
5104.83 819.162 98.35
5100.72 819.441 97.96
5094.73 819.477 97.58
5086.84 819.268 97.19
5077.03 818.81 96.8
5065.31 818.102 96.42
5051.67 817.139 96.03
5036.1 815.92 95.64
5018.6 814.44 95.25
4999.17 812.698 94.86
4977.8 810.689 94.46
4954.5 808.412 94.07
4929.27 805.863 93.67
4902.09 803.039 93.27
4873 799.939 92.88
4841.97 796.558 92.48
4809.04 792.895 92.07
4774.19 788.948 91.67
4737.45 784.714 91.26
4698.83 780.192 90.86
4658.34 775.38 90.45
4616 770.278 90.04
4571.83 764.883 89.62
4525.86 759.197 89.21
4478.11 753.217 88.79
4428.61 746.946 88.37
4377.4 740.384 87.94
4324.51 733.533 87.52
4269.97 726.393 87.09
4213.82 718.969 86.65
4156.13 711.262 86.22
4096.93 703.277 85.78
4036.27 695.018 85.33
3974.21 686.49 84.89
3910.8 677.7 84.44
3846.12 668.653 83.99
3780.23 659.357 83.53
3713.19 649.82 83.07
3645.07 640.051 82.6
3575.96 630.06 82.13
3505.93 619.856 81.66
3435.06 609.451 81.18
3363.44 598.858 80.7
3291.14 588.087 80.21
3218.26 577.154 79.72
3144.89 566.071 79.22
3071.11 554.853 78.72
2997.03 543.515 78.21
2922.73 532.074 77.7
2848.31 520.544 77.18
2773.85 508.943 76.66
2699.46 497.288 76.14
2625.23 485.596 75.6
2551.24 473.884 75.07
2477.6 462.171 74.52
2404.39 450.473 73.97
2331.69 438.809 73.42
2259.6 427.196 72.86
2188.2 415.653 72.3
2117.56 404.196 71.73
2047.77 392.842 71.15
1978.89 381.608 70.57
1911 370.51 69.98
1844.17 359.564 69.39
1778.45 348.784 68.8
1713.91 338.185 68.19
1650.58 327.78 67.59
1588.54 317.58 66.98
1527.81 307.597 66.36
1468.44 297.84 65.74
1410.45 288.318 65.12
1353.9 279.038 64.49
1298.78 270.004 63.85
1245.13 261.221 63.22
1192.96 252.69 62.58
1142.28 244.41 61.94
1093.09 236.378 61.29
1045.4 228.591 60.64
999.198 221.04 60
954.478 213.718 59.35
911.226 206.614 58.7
869.427 199.716 58.05
829.061 193.01 57.4
790.098 186.484 56.75
752.514 180.122 56.1
716.274 173.912 55.46
681.342 167.838 54.81
647.679 161.887 54.17
615.243 156.048 53.53
583.986 150.308 52.9
553.864 144.656 52.27
524.821 139.081 51.64
496.808 133.574 51.01
469.765 128.124 50.38
443.639 122.723 49.75
418.368 117.361 49.12
393.898 112.026 48.49
370.168 106.709 47.85
347.125 101.398 47.21
324.716 96.0763 46.55
302.893 90.7269 45.88
281.611 85.3443 45.2
260.839 79.931 44.49
240.564 74.4946 43.76
220.772 69.0439 43
201.457 63.5889 42.2
182.613 58.1413 41.36
164.244 52.7143 40.47
146.359 47.3234 39.52
128.974 41.9862 38.5
112.114 36.7234 37.38
95.8147 31.5588 36.14
80.1326 26.523 34.75
65.1391 21.6518 33.17
50.9329 16.9902 31.29
37.6551 12.5975 29.01
25.5142 8.5557 26.04
14.8318 4.98675 21.79
6.17468 2.10826 14.14
1.03774 1 0
1 1 0
1 1 0
1 1 0
1 1 0
1 1 0
1 1 0
1 1 0
1 1 0
1 1 0
1 1 0
1 1 0
1 1 0
1 1 0
1 1 0
1 1 0
1 1 0
1 1 0
1 1 0
1 1 0
1 1 0
1 1 0
1 1 0
1 1 0
1 1 0
1 1 0
1 1 0
1 1 0
1 1 0
1 1 0
1 1 0
1 1 0
1 1 0
1 1 0
1 1 0
1 1 0
1 1 0
1 1 0
1 1 0
1 1 0
1 1 0
