1.88051 1 0
3.30467 1 0
4.4282 1 0
5.62941 1 0
6.94011 1 0
8.37358 1.23343 124.48
9.93793 1.49584 125.16
11.6395 1.78132 125.5
13.4836 2.09079 125.67
15.4755 2.42507 125.75
17.6199 2.78499 125.76
19.9218 3.17134 125.73
22.3859 3.58494 125.66
25.0173 4.0266 125.57
27.8208 4.49713 125.46
30.8014 4.99737 125.33
33.9643 5.52816 125.19
37.3148 6.09036 125.03
40.8581 6.68483 124.87
44.5994 7.31246 124.7
48.5445 7.97415 124.52
52.6986 8.6708 124.34
57.0677 9.40334 124.15
61.6571 10.1727 123.95
66.4731 10.9798 123.76
71.5213 11.8257 123.56
76.8077 12.7112 123.35
82.3382 13.6374 123.14
88.1192 14.6052 122.94
94.1566 15.6156 122.73
100.457 16.6697 122.51
107.026 17.7684 122.3
113.87 18.9127 122.08
120.997 20.1037 121.86
128.411 21.3424 121.64
136.12 22.6298 121.42
144.13 23.9669 121.2
152.449 25.3547 120.98
161.081 26.7943 120.76
170.034 28.2867 120.53
179.315 29.8329 120.31
188.93 31.4339 120.08
198.886 33.0907 119.85
209.189 34.8044 119.63
219.847 36.5758 119.4
230.864 38.4061 119.17
242.249 40.2962 118.94
254.008 42.247 118.71
266.148 44.2595 118.48
278.673 46.3347 118.24
291.592 48.4734 118.01
304.911 50.6765 117.78
318.635 52.945 117.55
332.771 55.2797 117.31
347.326 57.6815 117.08
362.305 60.1511 116.84
377.714 62.6894 116.6
393.56 65.2972 116.37
409.848 67.9751 116.13
426.583 70.7239 115.89
443.772 73.5443 115.65
461.418 76.437 115.41
479.529 79.4025 115.17
498.109 82.4414 114.93
517.163 85.5542 114.69
536.696 88.7416 114.45
556.712 92.0039 114.21
577.216 95.3416 113.96
598.212 98.755 113.72
619.705 102.245 113.47
641.697 105.811 113.23
664.193 109.453 112.98
687.197 113.173 112.74
710.709 116.969 112.49
734.737 120.843 112.24
759.283 124.794 111.99
784.345 128.822 111.74
809.93 132.927 111.49
836.037 137.109 111.24
862.67 141.368 110.99
889.828 145.704 110.73
917.518 150.116 110.48
945.734 154.604 110.22
974.481 159.168 109.97
1003.76 163.808 109.71
1033.57 168.522 109.45
1063.9 173.311 109.19
1094.77 178.173 108.93
1126.17 183.109 108.67
1158.1 188.117 108.41
1190.55 193.197 108.15
1223.54 198.347 107.89
1257.05 203.568 107.62
1291 208.849 107.36
1325.29 214.179 107.09
1359.89 219.554 106.82
1394.78 224.97 106.55
1429.93 230.424 106.28
1465.32 235.91 106.01
1500.91 241.426 105.73
1536.68 246.966 105.45
1572.59 252.527 105.18
1608.61 258.103 104.9
1644.71 263.689 104.61
1680.85 269.282 104.33
1716.99 274.875 104.04
1753.11 280.463 103.76
1789.16 286.042 103.47
1825.1 291.607 103.18
1860.9 297.151 102.88
1896.52 302.67 102.59
1931.91 308.157 102.29
1967.04 313.609 101.99
2001.87 319.019 101.69
2036.35 324.382 101.39
2070.44 329.692 101.08
2104.11 334.943 100.77
2137.31 340.132 100.46
2170 345.251 100.15
2202.14 350.297 99.84
2233.69 355.262 99.52
2264.61 360.143 99.21
2294.85 364.934 98.89
2324.39 369.63 98.56
2353.17 374.226 98.24
2381.17 378.718 97.92
2408.34 383.099 97.59
2434.65 387.365 97.26
2460.06 391.513 96.93
2484.54 395.537 96.59
2508.05 399.432 96.26
2530.55 403.195 95.92
2552.03 406.821 95.58
2572.43 410.306 95.24
2591.75 413.647 94.89
2609.94 416.838 94.54
2626.98 419.877 94.2
2642.85 422.76 93.85
2657.51 425.482 93.49
2670.95 428.042 93.14
2683.14 430.435 92.78
2694.07 432.658 92.42
2703.71 434.708 92.06
2712.05 436.583 91.7
2719.07 438.279 91.33
2724.75 439.795 90.96
2729.09 441.126 90.59
2732.07 442.272 90.22
2733.68 443.229 89.85
2733.92 443.996 89.47
2732.78 444.571 89.09
2730.25 444.952 88.71
2726.32 445.137 88.33
2721.02 445.125 87.94
2714.33 444.916 87.55
2706.24 444.507 87.16
2696.78 443.898 86.77
2685.95 443.088 86.37
2673.74 442.078 85.97
2660.19 440.866 85.57
2645.28 439.453 85.17
2629.05 437.84 84.76
2611.51 436.026 84.35
2592.67 434.013 83.94
2572.55 431.801 83.52
2551.18 429.393 83.1
2528.58 426.79 82.68
2504.78 423.993 82.26
2479.79 421.006 81.83
2453.67 417.831 81.4
2426.42 414.471 80.96
2398.09 410.929 80.53
2368.72 407.209 80.08
2338.34 403.315 79.64
2306.97 399.251 79.19
2274.69 395.023 78.74
2241.51 390.634 78.29
2207.48 386.092 77.83
2172.65 381.4 77.36
2137.07 376.567 76.9
2100.77 371.598 76.43
2063.82 366.5 75.95
2026.25 361.28 75.48
1988.12 355.946 74.99
1949.48 350.506 74.51
1910.38 344.968 74.02
1870.88 339.339 73.52
1831.02 333.63 73.03
1790.87 327.848 72.52
1750.46 322.003 72.02
1709.87 316.104 71.51
1669.13 310.16 70.99
1628.3 304.181 70.47
1587.43 298.177 69.95
1546.58 292.156 69.42
1505.8 286.129 68.89
1465.13 280.104 68.35
1424.62 274.091 67.81
1384.33 268.1 67.26
1344.29 262.138 66.71
1304.55 256.215 66.16
1265.15 250.338 65.6
1226.13 244.515 65.04
1187.54 238.753 64.48
1149.4 233.058 63.91
1111.76 227.435 63.34
1074.64 221.89 62.76
1038.07 216.425 62.19
1002.09 211.044 61.6
966.712 205.747 61.02
931.959 200.536 60.43
897.856 195.408 59.85
864.414 190.363 59.26
831.648 185.397 58.66
799.57 180.505 58.07
768.187 175.682 57.48
737.506 170.922 56.88
707.527 166.219 56.28
678.251 161.566 55.69
649.674 156.956 55.09
621.789 152.38 54.49
594.594 147.833 53.9
568.072 143.308 53.3
542.211 138.796 52.7
516.999 134.292 52.1
492.417 129.79 51.51
468.445 125.283 50.91
445.067 120.766 50.31
422.26 116.231 49.7
400.001 111.674 49.09
378.267 107.087 48.48
357.037 102.463 47.87
336.288 97.7924 47.24
315.997 93.0677 46.6
296.145 88.2895 45.96
276.711 83.4604 45.3
257.68 78.584 44.62
239.036 73.6658 43.92
220.768 68.7121 43.19
202.869 63.7312 42.44
185.337 58.7329 41.64
168.173 53.7283 40.81
151.385 48.7308 39.92
134.992 43.7567 38.97
119.015 38.8238 37.95
103.489 33.9543 36.83
88.4592 29.1732 35.59
73.9905 24.5127 34.2
60.1591 20.0088 32.61
47.0725 15.7079 30.74
34.8707 11.6674 28.46
23.7504 7.96416 25.51
13.9991 4.70705 21.34
6.09902 2.08281 14.02
1.18525 1 0
1 1 0
1 1 0
1 1 0
1 1 0
1 1 0
1 1 0
1 1 0
1 1 0
1 1 0
1 1 0
1 1 0
1 1 0
1 1 0
1 1 0
1 1 0
1 1 0
1 1 0
1 1 0
1 1 0
1 1 0
1 1 0
1 1 0
1 1 0
1 1 0
1 1 0
1 1 0
1 1 0
1 1 0
1 1 0
1 1 0
1 1 0
1 1 0
1 1 0
1 1 0
1 1 0
1 1 0
1 1 0
1 1 0
1 1 0
1 1 0
1 1 0
1 1 0
1 1 0
1 1 0
1 1 0
1 1 0
