1.0403 1 0
1.50615 1 0
2.28451 1 0
3.46366 1 0
5.08623 1 0
7.18475 1.1373 128.45
9.7851 1.6167 130.98
12.9085 2.19277 132.37
16.5732 2.86886 133.33
20.7951 3.64788 134.02
25.5887 4.53249 134.54
30.9677 5.52516 134.93
36.9452 6.62823 135.22
43.5339 7.84399 135.44
50.7464 9.17466 135.59
58.5954 10.6225 135.7
67.0933 12.1896 135.77
76.2529 13.8783 135.79
86.0869 15.6908 135.79
96.6082 17.6293 135.77
107.83 19.696 135.72
119.766 21.8931 135.65
132.428 24.2229 135.57
145.83 26.6875 135.47
159.985 29.2893 135.36
174.908 32.0303 135.23
190.61 34.9128 135.1
207.105 37.9388 134.95
224.407 41.1104 134.8
242.528 44.4298 134.64
261.482 47.8988 134.47
281.281 51.5194 134.3
301.937 55.2935 134.12
323.463 59.2228 133.93
345.871 63.309 133.74
369.173 67.5539 133.55
393.379 71.9587 133.35
418.5 76.5251 133.14
444.547 81.2542 132.93
471.531 86.1471 132.72
499.458 91.205 132.51
528.341 96.4288 132.29
558.184 101.819 132.07
588.998 107.377 131.85
620.788 113.102 131.62
653.561 118.995 131.39
687.323 125.056 131.16
722.079 131.286 130.92
757.832 137.683 130.69
794.585 144.247 130.45
832.343 150.979 130.21
871.105 157.877 129.96
910.875 164.94 129.72
951.649 172.167 129.47
993.429 179.556 129.22
1036.21 187.107 128.97
1079.99 194.818 128.71
1124.78 202.686 128.46
1170.55 210.709 128.2
1217.31 218.886 127.94
1265.05 227.213 127.68
1313.76 235.688 127.42
1363.44 244.309 127.15
1414.07 253.071 126.88
1465.65 261.971 126.62
1518.15 271.007 126.35
1571.58 280.175 126.07
1625.92 289.469 125.8
1681.15 298.888 125.52
1737.25 308.426 125.25
1794.22 318.078 124.97
1852.03 327.841 124.69
1910.67 337.71 124.4
1970.12 347.68 124.12
2030.35 357.746 123.83
2091.35 367.903 123.54
2153.1 378.145 123.25
2215.57 388.468 122.96
2278.74 398.866 122.67
2342.58 409.333 122.38
2407.09 419.864 122.08
2472.22 430.453 121.78
2537.93 441.092 121.48
2604.09 451.76 121.18
2670.63 462.448 120.87
2737.49 473.145 120.57
2804.63 483.843 120.26
2871.98 494.533 119.95
2939.51 505.207 119.64
3007.14 515.854 119.33
3074.83 526.466 119.01
3142.5 537.032 118.69
3210.11 547.546 118.37
3277.59 557.996 118.05
3344.89 568.375 117.73
3411.93 578.673 117.4
3478.65 588.882 117.07
3545.01 598.994 116.74
3610.93 608.999 116.41
3676.35 618.89 116.08
3741.21 628.659 115.74
3805.46 638.299 115.41
3869.02 647.802 115.07
3931.85 657.161 114.73
3993.88 666.37 114.39
4055.06 675.421 114.04
4115.32 684.31 113.7
4174.63 693.03 113.35
4232.91 701.576 113
4290.12 709.943 112.65
4346.22 718.125 112.3
4401.15 726.119 111.94
4454.86 733.921 111.59
4507.31 741.526 111.23
4558.45 748.931 110.87
4608.25 756.132 110.51
4656.65 763.128 110.15
4703.64 769.914 109.79
4749.16 776.488 109.43
4793.17 782.849 109.06
4835.66 788.994 108.7
4876.58 794.921 108.33
4915.9 800.627 107.96
4953.6 806.113 107.59
4989.65 811.376 107.22
5024.01 816.414 106.85
5056.68 821.227 106.48
5087.61 825.813 106.11
5116.79 830.171 105.74
5144.21 834.299 105.36
5169.83 838.197 104.99
5193.64 841.863 104.61
5215.62 845.297 104.24
5235.75 848.496 103.86
5254.02 851.46 103.48
5270.41 854.187 103.11
5284.91 856.676 102.73
5297.5 858.925 102.35
5308.16 860.933 101.97
5316.9 862.698 101.59
5323.68 864.217 101.21
5328.5 865.49 100.83
5331.35 866.514 100.44
5332.22 867.287 100.06
5331.09 867.806 99.68
5327.97 868.069 99.29
5322.83 868.073 98.91
5315.66 867.817 98.52
5306.47 867.297 98.13
5295.24 866.51 97.75
5281.97 865.453 97.36
5266.64 864.124 96.97
5249.27 862.518 96.58
5229.84 860.634 96.19
5208.34 858.468 95.79
5184.77 856.017 95.4
5159.15 853.278 95
5131.46 850.247 94.61
5101.7 846.922 94.21
5069.89 843.3 93.81
5036.03 839.377 93.41
5000.11 835.152 93
4962.16 830.622 92.6
4922.19 825.784 92.19
4880.21 820.637 91.78
4836.23 815.178 91.37
4790.28 809.407 90.96
4742.38 803.323 90.54
4692.55 796.924 90.12
4640.82 790.211 89.7
4587.23 783.184 89.28
4531.8 775.845 88.85
4474.59 768.194 88.42
4415.62 760.233 87.99
4354.95 751.966 87.55
4292.62 743.395 87.11
4228.71 734.526 86.66
4163.24 725.362 86.22
4096.3 715.911 85.77
4027.95 706.177 85.31
3958.25 696.169 84.85
3887.29 685.894 84.39
3815.13 675.363 83.92
3741.87 664.584 83.45
3667.58 653.569 82.97
3592.35 642.329 82.49
3516.28 630.877 82.01
3439.45 619.227 81.52
3361.98 607.392 81.02
3283.94 595.388 80.52
3205.46 583.231 80.01
3126.62 570.936 79.5
3047.53 558.521 78.98
2968.29 546.004 78.46
2889.02 533.402 77.93
2809.81 520.735 77.4
2730.76 508.022 76.86
2652 495.282 76.32
2573.61 482.534 75.77
2495.69 469.799 75.21
2418.35 457.096 74.65
2341.68 444.445 74.08
2265.77 431.865 73.5
2190.71 419.376 72.92
2116.59 406.997 72.34
2043.49 394.746 71.75
1971.49 382.642 71.15
1900.66 370.703 70.55
1831.07 358.944 69.94
1762.78 347.383 69.32
1695.85 336.033 68.7
1630.34 324.91 68.08
1566.28 314.027 67.45
1503.73 303.395 66.81
1442.71 293.024 66.17
1383.26 282.924 65.53
1325.4 273.103 64.88
1269.15 263.567 64.22
1214.53 254.319 63.56
1161.54 245.362 62.9
1110.19 236.696 62.24
1060.47 228.319 61.57
1012.37 220.227 60.9
965.879 212.414 60.23
920.985 204.872 59.55
877.659 197.589 58.88
835.881 190.553 58.2
795.614 183.751 57.53
756.822 177.165 56.85
719.473 170.78 56.18
683.519 164.578 55.51
648.917 158.542 54.83
615.62 152.655 54.16
583.576 146.9 53.49
552.733 141.261 52.83
523.037 135.723 52.16
494.435 130.273 51.5
466.868 124.895 50.83
440.282 119.579 50.17
414.621 114.311 49.5
389.83 109.081 48.84
365.855 103.876 48.17
342.646 98.6856 47.49
320.153 93.4943 46.8
298.331 88.2878 46.1
277.137 83.0631 45.39
256.534 77.8209 44.66
236.49 72.5639 43.91
216.976 67.297 43.13
197.974 62.0271 42.31
179.469 56.7631 41.46
161.455 51.5164 40.56
143.934 46.3009 39.59
126.92 41.1338 38.56
110.437 36.0357 37.43
94.5201 31.0312 36.19
79.2221 26.1502 34.8
64.6165 21.4298 33.22
50.8016 16.9153 31.38
37.9101 12.664 29.14
26.1298 8.7515 26.29
15.7425 5.28639 22.32
7.20759 2.44539 15.63
1.54606 1 0
1 1 0
1 1 0
1 1 0
1 1 0
1 1 0
1 1 0
1 1 0
1 1 0
1 1 0
1 1 0
1 1 0
1 1 0
1 1 0
1 1 0
1 1 0
1 1 0
1 1 0
1 1 0
1 1 0
1 1 0
1 1 0
1 1 0
1 1 0
1 1 0
1 1 0
1 1 0
1 1 0
1 1 0
1 1 0
1 1 0
1 1 0
1 1 0
1 1 0
1 1 0
1 1 0
1 1 0
1 1 0
