5.34152 1 0
9.88141 1.60522 135.93
13.0158 2.17228 135.86
16.152 2.73971 135.62
19.4107 3.32925 135.34
22.8377 3.94922 135.04
26.4581 4.6041 134.74
30.288 5.29682 134.43
34.34 6.02959 134.12
38.6244 6.80425 133.82
43.1502 7.62242 133.51
47.9259 8.48561 133.2
52.9596 9.39523 132.9
58.2592 10.3527 132.6
63.8325 11.3593 132.3
69.6871 12.4165 132
75.8306 13.5255 131.71
82.2707 14.6877 131.42
89.0153 15.9045 131.12
96.0719 17.1771 130.83
103.448 18.507 130.55
111.153 19.8954 130.26
119.192 21.3437 129.97
127.576 22.8533 129.69
136.311 24.4256 129.41
145.405 26.0618 129.13
154.867 27.7633 128.85
164.704 29.5315 128.57
174.926 31.3677 128.29
185.538 33.2733 128.01
196.551 35.2496 127.74
207.971 37.2979 127.46
219.809 39.4196 127.19
232.07 41.6159 126.91
244.763 43.8881 126.64
257.896 46.2376 126.37
271.478 48.6656 126.1
285.516 51.1733 125.83
300.017 53.7619 125.56
314.99 56.4326 125.29
330.443 59.1866 125.02
346.382 62.0251 124.75
362.817 64.9491 124.48
379.753 67.9597 124.21
397.198 71.058 123.95
415.159 74.2448 123.68
433.643 77.5213 123.41
452.658 80.8883 123.14
472.208 84.3466 122.88
492.302 87.8972 122.61
512.945 91.5407 122.34
534.143 95.2779 122.08
555.902 99.1095 121.81
578.227 103.036 121.54
601.124 107.058 121.28
624.598 111.176 121.01
648.655 115.391 120.74
673.297 119.702 120.48
698.529 124.11 120.21
724.356 128.616 119.94
750.784 133.219 119.67
777.812 137.92 119.4
805.444 142.719 119.14
833.683 147.614 118.87
862.532 152.608 118.6
891.99 157.698 118.33
922.066 162.885 118.06
952.753 168.169 117.79
984.058 173.549 117.51
1015.97 179.024 117.24
1048.51 184.594 116.97
1081.66 190.258 116.7
1115.43 196.016 116.42
1149.81 201.865 116.15
1184.8 207.807 115.88
1220.41 213.838 115.6
1256.62 219.959 115.32
1293.44 226.169 115.05
1330.86 232.464 114.77
1368.88 238.845 114.49
1407.49 245.31 114.21
1446.69 251.858 113.93
1486.49 258.486 113.65
1526.86 265.193 113.37
1567.81 271.977 113.09
1609.32 278.836 112.81
1651.32 285.761 112.52
1693.76 292.742 112.24
1736.61 299.777 111.95
1779.84 306.861 111.66
1823.42 313.989 111.37
1867.34 321.156 111.08
1911.56 328.358 110.79
1956.04 335.59 110.5
2000.75 342.845 110.21
2045.67 350.12 109.91
2090.75 357.407 109.61
2135.95 364.702 109.32
2181.24 371.999 109.02
2226.59 379.291 108.71
2271.94 386.573 108.41
2317.27 393.838 108.11
2362.52 401.081 107.8
2407.65 408.294 107.49
2452.62 415.473 107.18
2497.39 422.609 106.87
2541.9 429.698 106.56
2586.13 436.733 106.25
2630 443.706 105.93
2673.49 450.613 105.61
2716.55 457.447 105.3
2759.12 464.201 104.97
2801.17 470.87 104.65
2842.63 477.448 104.33
2883.48 483.927 104
2923.66 490.303 103.68
2963.12 496.57 103.35
3001.82 502.722 103.02
3039.72 508.753 102.68
3076.76 514.658 102.35
3112.91 520.431 102.01
3148.12 526.068 101.68
3182.35 531.563 101.34
3215.56 536.911 101
3247.71 542.107 100.65
3278.74 547.147 100.31
3308.64 552.025 99.96
3337.36 556.738 99.62
3364.85 561.281 99.27
3391.1 565.649 98.92
3416.05 569.839 98.57
3439.68 573.847 98.21
3461.95 577.668 97.86
3482.84 581.299 97.5
3502.32 584.735 97.14
3520.35 587.974 96.78
3536.91 591.012 96.42
3551.97 593.845 96.05
3565.51 596.47 95.69
3577.51 598.883 95.32
3587.93 601.082 94.95
3596.77 603.062 94.58
3604.02 604.822 94.21
3609.63 606.359 93.84
3613.61 607.668 93.46
3615.93 608.748 93.08
3616.6 609.595 92.7
3615.58 610.208 92.32
3612.88 610.583 91.94
3608.48 610.718 91.55
3602.39 610.611 91.17
3594.59 610.259 90.78
3585.09 609.661 90.39
3573.89 608.815 90
3560.98 607.718 89.6
3546.36 606.369 89.2
3530.05 604.767 88.8
3512.05 602.911 88.4
3492.38 600.799 88
3471.03 598.43 87.59
3448.03 595.805 87.18
3423.39 592.923 86.77
3397.13 589.784 86.36
3369.28 586.389 85.94
3339.84 582.737 85.52
3308.86 578.831 85.1
3276.35 574.671 84.67
3242.34 570.26 84.24
3206.88 565.599 83.81
3169.99 560.692 83.38
3131.72 555.541 82.94
3092.1 550.151 82.5
3051.18 544.524 82.05
3008.99 538.667 81.61
2965.61 532.584 81.15
2921.06 526.28 80.7
2875.4 519.762 80.24
2828.69 513.037 79.78
2780.98 506.112 79.31
2732.34 498.994 78.84
2682.83 491.693 78.36
2632.5 484.217 77.89
2581.44 476.576 77.4
2529.69 468.78 76.91
2477.33 460.839 76.42
2424.43 452.764 75.93
2371.06 444.567 75.42
2317.29 436.26 74.92
2263.19 427.855 74.41
2208.83 419.364 73.89
2154.28 410.801 73.37
2099.62 402.179 72.85
2044.93 393.512 72.32
1990.27 384.813 71.78
1935.71 376.096 71.25
1881.32 367.375 70.7
1827.17 358.664 70.15
1773.33 349.976 69.6
1719.86 341.326 69.04
1666.83 332.726 68.48
1614.29 324.19 67.91
1562.3 315.73 67.33
1510.94 307.359 66.76
1460.23 299.088 66.18
1410.23 290.927 65.59
1361 282.887 65
1312.58 274.977 64.4
1264.99 267.204 63.8
1218.29 259.576 63.2
1172.5 252.097 62.6
1127.65 244.772 61.99
1083.77 237.602 61.37
1040.88 230.59 60.76
998.996 223.733 60.14
958.128 217.029 59.52
918.288 210.474 58.9
879.481 204.062 58.28
841.706 197.785 57.66
804.96 191.635 57.03
769.239 185.602 56.41
734.531 179.675 55.78
700.82 173.844 55.16
668.091 168.096 54.53
636.323 162.421 53.91
605.49 156.807 53.28
575.566 151.244 52.66
546.521 145.72 52.04
518.326 140.225 51.41
490.946 134.749 50.79
464.347 129.282 50.16
438.494 123.813 49.53
413.349 118.331 48.89
388.88 112.822 48.25
365.046 107.28 47.6
341.819 101.702 46.94
319.162 96.0885 46.27
297.049 90.4407 45.58
275.45 84.7621 44.88
254.347 79.0586 44.15
233.718 73.3365 43.39
213.552 67.6049 42.6
193.845 61.8751 41.76
174.598 56.1604 40.88
155.823 50.4766 39.94
137.538 44.843 38.92
119.779 39.283 37.82
102.593 33.8242 36.6
86.0412 28.4998 35.23
70.2093 23.3498 33.67
55.2098 18.424 31.85
41.1998 13.7869 29.64
28.3837 9.51931 26.82
17.0793 5.7408 22.89
7.78703 2.64032 16.31
1.61228 1 0
1 1 0
1 1 0
1 1 0
1 1 0
1 1 0
1 1 0
1 1 0
1 1 0
1 1 0
1 1 0
1 1 0
1 1 0
1 1 0
1 1 0
1 1 0
1 1 0
1 1 0
1 1 0
1 1 0
1 1 0
1 1 0
1 1 0
1 1 0
1 1 0
1 1 0
1 1 0
1 1 0
1 1 0
1 1 0
1 1 0
1 1 0
1 1 0
1 1 0
1 1 0
1 1 0
1 1 0
1 1 0
1 1 0
1 1 0
1 1 0
1 1 0
1 1 0
1 1 0
1 1 0
1 1 0
1 1 0
