1 1 0
1 1 0
1 1 0
1 1 0
1 1 0
1 1 0
1 1 0
1 1 0
1 1 0
1 1 0
1 1 0
1 1 0
1 1 0
1 1 0
1 1 0
1 1 0
1 1 0
1 1 0
1 1 0
1 1 0
1 1 0
1 1 0
1 1 0
1 1 0
1 1 0
1 1 0
1 1 0
1 1 0
1.00001 1 0
4.61258 1 0
15.1653 2.72047 110.99
27.7084 5.1291 115.17
41.6185 7.79913 117.53
56.6444 10.6819 119.08
72.6505 13.7511 120.19
89.5542 16.9905 121
107.301 20.3894 121.61
125.854 23.9404 122.08
145.188 27.6381 122.44
165.282 31.4787 122.71
186.125 35.4593 122.91
207.705 39.5776 123.05
230.017 43.832 123.15
253.055 48.2212 123.21
276.816 52.7443 123.23
301.299 57.4003 123.23
326.5 62.1887 123.2
352.42 67.1089 123.14
379.058 72.1603 123.07
406.414 77.3426 122.98
434.488 82.6552 122.88
463.279 88.0978 122.76
492.789 93.6697 122.63
523.016 99.3706 122.49
553.961 105.2 122.34
585.622 111.157 122.18
618 117.241 122.02
651.092 123.451 121.84
684.898 129.787 121.66
719.416 136.247 121.47
754.643 142.831 121.27
790.576 149.537 121.07
827.213 156.364 120.87
864.551 163.312 120.66
902.585 170.378 120.44
941.31 177.561 120.22
980.722 184.859 120
1020.82 192.271 119.77
1061.59 199.796 119.54
1103.03 207.43 119.3
1145.13 215.172 119.06
1187.88 223.021 118.82
1231.29 230.973 118.58
1275.33 239.027 118.33
1320 247.18 118.08
1365.3 255.43 117.83
1411.2 263.773 117.57
1457.71 272.209 117.31
1504.8 280.733 117.05
1552.47 289.342 116.79
1600.71 298.035 116.53
1649.51 306.808 116.26
1698.85 315.657 115.99
1748.71 324.58 115.72
1799.1 333.574 115.44
1849.98 342.635 115.17
1901.36 351.76 114.89
1953.2 360.945 114.61
2005.51 370.188 114.33
2058.26 379.484 114.05
2111.44 388.83 113.76
2165.04 398.223 113.48
2219.03 407.658 113.19
2273.4 417.133 112.9
2328.13 426.644 112.6
2383.22 436.187 112.31
2438.63 445.759 112.02
2494.36 455.355 111.72
2550.39 464.972 111.42
2606.7 474.607 111.12
2663.28 484.256 110.82
2720.1 493.915 110.52
2777.15 503.581 110.21
2834.41 513.249 109.9
2891.87 522.918 109.6
2949.5 532.582 109.29
3007.3 542.239 108.98
3065.24 551.886 108.66
3123.21 561.504 108.35
3180.82 571.038 108.03
3237.97 580.476 107.72
3294.6 589.807 107.4
3350.66 599.024 107.08
3406.07 608.116 106.75
3460.78 617.076 106.43
3514.71 625.894 106.1
3567.81 634.562 105.77
3620.01 643.072 105.44
3671.25 651.415 105.1
3721.47 659.585 104.77
3770.61 667.573 104.43
3818.61 675.372 104.09
3865.42 682.975 103.75
3910.97 690.376 103.41
3955.21 697.567 103.06
3998.1 704.543 102.72
4039.57 711.298 102.37
4079.58 717.826 102.02
4118.07 724.121 101.67
4155.01 730.178 101.31
4190.34 735.993 100.96
4224.03 741.559 100.6
4256.02 746.873 100.24
4286.28 751.93 99.88
4314.77 756.726 99.52
4341.46 761.256 99.16
4366.31 765.518 98.79
4389.28 769.505 98.43
4410.34 773.216 98.06
4429.47 776.645 97.69
4446.63 779.79 97.32
4461.8 782.647 96.95
4474.95 785.212 96.58
4486.06 787.482 96.2
4495.11 789.453 95.83
4502.07 791.123 95.45
4506.93 792.487 95.07
4509.67 793.542 94.69
4510.26 794.286 94.31
4508.71 794.714 93.92
4505 794.823 93.54
4499.11 794.611 93.15
4491.03 794.074 92.76
4480.76 793.208 92.37
4468.3 792.011 91.98
4453.64 790.481 91.59
4436.77 788.613 91.19
4417.7 786.406 90.79
4396.43 783.857 90.39
4372.97 780.963 89.99
4347.32 777.723 89.59
4319.49 774.135 89.18
4289.5 770.197 88.77
4257.36 765.907 88.36
4223.09 761.266 87.95
4186.71 756.272 87.53
4148.25 750.927 87.11
4107.73 745.229 86.69
4065.19 739.18 86.27
4020.66 732.782 85.84
3974.18 726.038 85.41
3925.79 718.949 84.97
3875.54 711.52 84.53
3823.48 703.755 84.09
3769.66 695.659 83.65
3714.15 687.239 83.2
3657 678.5 82.74
3598.28 669.451 82.29
3538.07 660.1 81.82
3476.43 650.458 81.36
3413.45 640.533 80.89
3349.2 630.338 80.41
3283.78 619.886 79.93
3217.28 609.189 79.45
3149.78 598.261 78.96
3081.38 587.118 78.47
3012.19 575.776 77.97
2942.29 564.252 77.46
2871.8 552.562 76.95
2800.83 540.727 76.44
2729.46 528.763 75.92
2657.82 516.693 75.39
2586.01 504.534 74.86
2514.14 492.309 74.32
2442.31 480.038 73.77
2370.64 467.742 73.23
2299.22 455.444 72.67
2228.17 443.164 72.11
2157.58 430.924 71.54
2087.55 418.746 70.97
2018.18 406.65 70.39
1949.55 394.658 69.8
1881.77 382.79 69.21
1814.92 371.065 68.62
1749.07 359.502 68.01
1684.3 348.12 67.4
1620.68 336.935 66.79
1558.27 325.963 66.17
1497.14 315.218 65.55
1437.34 304.713 64.92
1378.92 294.46 64.28
1321.92 284.468 63.64
1266.38 274.745 63
1212.32 265.295 62.35
1159.77 256.122 61.7
1108.75 247.227 61.05
1059.26 238.607 60.39
1011.33 230.258 59.74
964.941 222.174 59.08
920.094 214.344 58.42
876.777 206.759 57.75
834.974 199.403 57.09
794.663 192.264 56.43
755.819 185.324 55.77
718.411 178.569 55.11
682.404 171.981 54.46
647.758 165.545 53.81
614.43 159.245 53.16
582.374 153.068 52.51
551.54 146.999 51.86
521.876 141.027 51.22
493.329 135.141 50.59
465.842 129.33 49.95
439.36 123.587 49.32
413.824 117.902 48.68
389.178 112.269 48.05
365.367 106.681 47.41
342.338 101.134 46.77
320.04 95.6209 46.12
298.427 90.1389 45.46
277.457 84.6848 44.79
257.094 79.2566 44.1
237.309 73.8543 43.39
218.083 68.4805 42.65
199.41 63.1434 41.89
181.294 57.8555 41.09
163.74 52.6318 40.25
146.762 47.4887 39.36
130.376 42.4442 38.42
114.606 37.5178 37.4
99.4841 32.7308 36.3
85.0483 28.1067 35.09
71.3457 23.6714 33.76
58.4341 19.4539 32.25
46.3838 15.4869 30.51
35.2822 11.8086 28.45
25.2411 8.46511 25.91
16.411 5.51573 22.57
9.01365 3.04711 17.61
3.43955 1.24717 7.56
1 1 0
1 1 0
1 1 0
1 1 0
1 1 0
1 1 0
1 1 0
1 1 0
1 1 0
1 1 0
1 1 0
1 1 0
1 1 0
1 1 0
1 1 0
1 1 0
1 1 0
1 1 0
1 1 0
1 1 0
1 1 0
1 1 0
1 1 0
1 1 0
1 1 0
1 1 0
1 1 0
1 1 0
1 1 0
1 1 0
1 1 0
1 1 0
1 1 0
1 1 0
1 1 0
1 1 0
1 1 0
1 1 0
1 1 0
1 1 0
1 1 0
