3.6393 1 0
7.24922 1.03895 128.2
9.92257 1.48723 130.34
12.6803 1.9503 130.75
15.6044 2.44176 130.86
18.7251 2.96663 130.83
22.0583 3.52754 130.72
25.6146 4.12621 130.58
29.4019 4.76397 130.4
33.4272 5.44194 130.2
37.6966 6.16116 129.99
42.2163 6.92261 129.76
46.9922 7.72725 129.53
52.0301 8.57604 129.29
57.3359 9.46994 129.04
62.9155 10.4099 128.79
68.7752 11.397 128.53
74.9209 12.4321 128.28
81.3589 13.5162 128.02
88.0955 14.6504 127.76
95.1369 15.8356 127.49
102.49 17.073 127.23
110.16 18.3635 126.96
118.155 19.7081 126.7
126.481 21.108 126.43
135.145 22.5641 126.16
144.153 24.0776 125.9
153.512 25.6493 125.63
163.229 27.2805 125.36
173.31 28.9721 125.1
183.763 30.7251 124.83
194.593 32.5407 124.56
205.809 34.4197 124.29
217.416 36.3633 124.03
229.421 38.3725 123.76
241.831 40.4481 123.49
254.653 42.5913 123.22
267.893 44.803 122.96
281.558 47.084 122.69
295.655 49.4354 122.42
310.189 51.8581 122.15
325.167 54.3529 121.89
340.596 56.9207 121.62
356.481 59.5623 121.35
372.829 62.2786 121.09
389.645 65.0702 120.82
406.936 67.9381 120.55
424.707 70.8828 120.28
442.964 73.9051 120.02
461.712 77.0056 119.75
480.956 80.185 119.48
500.701 83.4437 119.21
520.952 86.7824 118.95
541.715 90.2014 118.68
562.994 93.7013 118.41
584.792 97.2825 118.14
607.114 100.945 117.87
629.964 104.69 117.6
653.346 108.517 117.34
677.262 112.426 117.07
701.712 116.417 116.8
726.692 120.491 116.53
752.203 124.647 116.25
778.248 128.885 115.98
804.822 133.204 115.71
831.926 137.605 115.44
859.557 142.086 115.17
887.714 146.647 114.89
916.391 151.288 114.62
945.587 156.008 114.35
975.294 160.806 114.07
1005.51 165.68 113.8
1036.23 170.63 113.52
1067.44 175.655 113.24
1099.13 180.752 112.97
1131.3 185.921 112.69
1163.94 191.159 112.41
1197.04 196.466 112.13
1230.57 201.838 111.85
1264.54 207.274 111.57
1298.92 212.771 111.28
1333.71 218.328 111
1368.88 223.941 110.71
1404.41 229.608 110.43
1440.3 235.326 110.14
1476.51 241.091 109.85
1513.04 246.901 109.57
1549.84 252.752 109.28
1586.92 258.642 108.98
1624.23 264.565 108.69
1661.76 270.518 108.4
1699.48 276.498 108.1
1737.35 282.5 107.81
1775.36 288.521 107.51
1813.47 294.555 107.21
1851.65 300.598 106.91
1889.87 306.646 106.61
1928.1 312.694 106.31
1966.31 318.737 106
2004.45 324.771 105.7
2042.5 330.791 105.39
2080.42 336.79 105.08
2118.17 342.766 104.77
2155.72 348.711 104.46
2193.02 354.621 104.15
2230.04 360.491 103.84
2266.75 366.316 103.52
2303.09 372.09 103.2
2339.05 377.807 102.88
2374.56 383.463 102.56
2409.59 389.053 102.24
2444.11 394.57 101.92
2478.08 400.009 101.59
2511.44 405.367 101.27
2544.17 410.636 100.94
2576.23 415.812 100.61
2607.57 420.889 100.27
2638.16 425.864 99.94
2667.95 430.729 99.61
2696.92 435.482 99.27
2725.02 440.116 98.93
2752.21 444.626 98.59
2778.46 449.009 98.25
2803.74 453.259 97.91
2828.01 457.371 97.56
2851.23 461.342 97.22
2873.37 465.166 96.87
2894.41 468.839 96.52
2914.3 472.357 96.17
2933.02 475.716 95.81
2950.54 478.911 95.46
2966.83 481.939 95.1
2981.87 484.795 94.74
2995.63 487.477 94.38
3008.09 489.979 94.02
3019.21 492.299 93.66
3028.99 494.433 93.29
3037.4 496.377 92.92
3044.42 498.129 92.55
3050.03 499.684 92.18
3054.22 501.041 91.81
3056.98 502.196 91.43
3058.28 503.146 91.06
3058.13 503.889 90.68
3056.51 504.421 90.3
3053.41 504.742 89.92
3048.82 504.848 89.53
3042.75 504.738 89.14
3035.19 504.41 88.75
3026.14 503.861 88.36
3015.59 503.091 87.97
3003.56 502.099 87.57
2990.04 500.883 87.18
2975.05 499.443 86.77
2958.6 497.778 86.37
2940.69 495.887 85.97
2921.34 493.772 85.56
2900.56 491.432 85.15
2878.37 488.867 84.73
2854.79 486.08 84.32
2829.85 483.071 83.9
2803.56 479.841 83.48
2775.96 476.394 83.05
2747.07 472.73 82.62
2716.92 468.854 82.19
2685.55 464.768 81.76
2652.99 460.475 81.32
2619.28 455.981 80.88
2584.46 451.288 80.44
2548.57 446.403 79.99
2511.66 441.33 79.54
2473.76 436.075 79.08
2434.93 430.645 78.62
2395.22 425.046 78.16
2354.69 419.285 77.7
2313.37 413.369 77.23
2271.33 407.307 76.75
2228.62 401.107 76.27
2185.3 394.778 75.79
2141.43 388.329 75.31
2097.07 381.768 74.82
2052.27 375.108 74.32
2007.11 368.356 73.82
1961.63 361.524 73.32
1915.9 354.622 72.81
1869.99 347.662 72.3
1823.94 340.654 71.79
1777.84 333.609 71.26
1731.73 326.539 70.74
1685.67 319.456 70.21
1639.72 312.37 69.68
1593.95 305.293 69.14
1548.41 298.236 68.59
1503.15 291.21 68.05
1458.22 284.225 67.5
1413.68 277.293 66.94
1369.58 270.422 66.38
1325.97 263.623 65.81
1282.88 256.904 65.25
1240.36 250.273 64.67
1198.46 243.739 64.1
1157.2 237.307 63.52
1116.63 230.983 62.93
1076.77 224.771 62.35
1037.66 218.675 61.76
999.308 212.698 61.16
961.749 206.838 60.57
924.999 201.097 59.97
889.074 195.472 59.37
853.987 189.96 58.77
819.747 184.556 58.16
786.36 179.255 57.56
753.831 174.05 56.96
722.158 168.935 56.35
691.341 163.903 55.74
661.373 158.944 55.14
632.246 154.052 54.53
603.95 149.219 53.93
576.471 144.439 53.33
549.795 139.703 52.72
523.902 135.007 52.12
498.775 130.344 51.52
474.391 125.709 50.92
450.729 121.098 50.32
427.764 116.506 49.72
405.474 111.93 49.12
383.83 107.366 48.52
362.809 102.813 47.92
342.386 98.2665 47.31
322.535 93.7258 46.7
303.231 89.1886 46.08
284.451 84.6532 45.46
266.174 80.1175 44.82
248.378 75.5776 44.18
231.047 71.0294 43.51
214.163 66.4779 42.83
197.713 61.9303 42.13
181.687 57.3948 41.4
166.078 52.8802 40.63
150.884 48.3961 39.83
136.103 43.9528 38.98
121.743 39.5618 38.08
107.81 35.2355 37.11
94.3215 30.9878 36.05
81.2972 26.8341 34.9
68.7658 22.7923 33.6
56.7659 18.8833 32.14
45.3473 15.1317 30.43
34.5842 11.57 28.37
24.585 8.24262 25.77
15.5206 5.21606 22.16
7.72475 2.61836 16.25
2.00996 1 0
1 1 0
1 1 0
1 1 0
1 1 0
1 1 0
1 1 0
1 1 0
1 1 0
1 1 0
1 1 0
1 1 0
1 1 0
1 1 0
1 1 0
1 1 0
1 1 0
1 1 0
1 1 0
1 1 0
1 1 0
1 1 0
1 1 0
1 1 0
1 1 0
1 1 0
1 1 0
1 1 0
1 1 0
1 1 0
1 1 0
1 1 0
1 1 0
1 1 0
1 1 0
1 1 0
1 1 0
1 1 0
1 1 0
1 1 0
1 1 0
1 1 0
1 1 0
1 1 0
1 1 0
1 1 0
1 1 0
1 1 0
1 1 0
