1.07468 1 0
1.61378 1 0
2.35147 1 0
3.3632 1 0
4.66418 1 0
6.26453 1 0
8.17186 1.36114 125.61
10.3925 1.78279 126.94
12.9318 2.26494 127.78
15.7951 2.80858 128.37
18.9873 3.41463 128.79
22.5135 4.08403 129.09
26.3789 4.81774 129.3
30.5892 5.61676 129.45
35.1498 6.48214 129.54
40.0667 7.41497 129.58
45.3461 8.41637 129.6
50.9946 9.48754 129.58
57.019 10.6297 129.53
63.4259 11.8441 129.47
70.223 13.132 129.38
77.4173 14.4949 129.28
85.0168 15.934 129.17
93.0289 17.4508 129.04
101.462 19.0466 128.9
110.324 20.7231 128.75
119.623 22.4815 128.6
129.368 24.3234 128.43
139.567 26.2503 128.26
150.229 28.2637 128.09
161.362 30.365 127.9
172.975 32.5559 127.72
185.077 34.8377 127.53
197.676 37.212 127.33
210.782 39.6803 127.13
224.402 42.244 126.93
238.547 44.9047 126.72
253.224 47.6637 126.51
268.441 50.5224 126.3
284.209 53.4822 126.08
300.534 56.5446 125.87
317.426 59.7108 125.65
334.892 62.9821 125.43
352.942 66.3598 125.2
371.582 69.845 124.98
390.82 73.4389 124.75
410.665 77.1427 124.52
431.124 80.9574 124.29
452.203 84.8839 124.06
473.909 88.9233 123.83
496.25 93.0764 123.59
519.232 97.344 123.35
542.861 101.727 123.12
567.143 106.226 122.88
592.083 110.841 122.64
617.688 115.573 122.4
643.961 120.423 122.15
670.909 125.391 121.91
698.533 130.477 121.66
726.84 135.681 121.42
755.831 141.003 121.17
785.511 146.444 120.92
815.88 152.003 120.67
846.943 157.679 120.42
878.7 163.474 120.17
911.153 169.386 119.91
944.303 175.414 119.66
978.149 181.559 119.4
1012.69 187.819 119.15
1047.93 194.193 118.89
1083.87 200.681 118.63
1120.5 207.282 118.37
1157.82 213.994 118.11
1195.83 220.816 117.84
1234.52 227.747 117.58
1273.9 234.785 117.32
1313.96 241.928 117.05
1354.69 249.176 116.78
1396.09 256.525 116.51
1438.15 263.975 116.25
1480.87 271.523 115.97
1524.24 279.167 115.7
1568.25 286.905 115.43
1612.9 294.734 115.16
1658.17 302.652 114.88
1704.06 310.656 114.6
1750.56 318.745 114.33
1797.66 326.915 114.05
1845.34 335.162 113.77
1893.61 343.486 113.49
1942.44 351.882 113.2
1991.83 360.348 112.92
2041.76 368.879 112.63
2092.22 377.475 112.35
2143.2 386.13 112.06
2194.69 394.842 111.77
2246.67 403.608 111.48
2299.13 412.423 111.19
2352.05 421.286 110.9
2405.31 430.177 110.6
2458.77 439.077 110.31
2512.38 447.978 110.01
2566.09 456.873 109.71
2619.86 465.755 109.41
2673.64 474.615 109.11
2727.38 483.445 108.8
2781.01 492.238 108.5
2834.5 500.986 108.19
2887.78 509.68 107.88
2940.81 518.312 107.57
2993.52 526.874 107.25
3045.86 535.359 106.94
3097.78 543.759 106.62
3149.21 552.065 106.3
3200.09 560.269 105.98
3250.37 568.364 105.66
3300 576.343 105.33
3348.91 584.198 105.01
3397.06 591.922 104.68
3444.38 599.507 104.35
3490.81 606.946 104.02
3536.3 614.234 103.68
3580.8 621.363 103.35
3624.25 628.326 103.01
3666.61 635.119 102.67
3707.81 641.734 102.33
3747.81 648.166 101.99
3786.56 654.409 101.65
3824.01 660.458 101.3
3860.11 666.308 100.95
3894.83 671.954 100.6
3928.1 677.389 100.25
3959.9 682.611 99.9
3990.18 687.614 99.55
4018.89 692.395 99.19
4046.01 696.947 98.83
4071.49 701.268 98.47
4095.3 705.354 98.11
4117.41 709.199 97.75
4137.78 712.802 97.39
4156.38 716.156 97.02
4173.19 719.26 96.66
4188.17 722.11 96.29
4201.29 724.7 95.92
4212.54 727.029 95.55
4221.89 729.093 95.17
4229.32 730.888 94.8
4234.81 732.41 94.42
4238.33 733.657 94.04
4239.89 734.625 93.66
4239.44 735.311 93.28
4237 735.711 92.9
4232.52 735.822 92.51
4226.04 735.641 92.13
4217.51 735.166 91.74
4206.94 734.392 91.35
4194.31 733.317 90.95
4179.65 731.939 90.56
4162.93 730.254 90.16
4144.17 728.261 89.76
4123.36 725.957 89.36
4100.52 723.339 88.96
4075.65 720.406 88.55
4048.76 717.157 88.14
4019.87 713.589 87.73
3989 709.703 87.32
3956.16 705.497 86.9
3921.37 700.971 86.48
3884.68 696.126 86.06
3846.09 690.961 85.64
3805.65 685.479 85.21
3763.38 679.681 84.78
3719.35 673.568 84.34
3673.57 667.145 83.91
3626.09 660.414 83.46
3576.98 653.381 83.02
3526.27 646.048 82.57
3474.03 638.424 82.12
3420.33 630.512 81.66
3365.21 622.322 81.2
3308.75 613.861 80.74
3251.02 605.138 80.27
3192.09 596.162 79.79
3132.04 586.943 79.31
3070.96 577.495 78.83
3008.92 567.827 78.34
2946.01 557.953 77.85
2882.31 547.888 77.36
2817.92 537.645 76.85
2752.93 527.239 76.35
2687.44 516.687 75.83
2621.53 506.006 75.32
2555.3 495.211 74.79
2488.86 484.322 74.26
2422.29 473.355 73.73
2355.7 462.33 73.19
2289.17 451.266 72.65
2222.8 440.181 72.09
2156.7 429.095 71.54
2090.95 418.028 70.98
2025.63 406.997 70.41
1960.84 396.023 69.84
1896.66 385.125 69.26
1833.18 374.319 68.67
1770.47 363.626 68.09
1708.61 353.06 67.49
1647.66 342.64 66.89
1587.7 332.379 66.29
1528.78 322.293 65.68
1470.97 312.395 65.06
1414.3 302.696 64.44
1358.84 293.206 63.82
1304.62 283.933 63.19
1251.67 274.884 62.56
1200.03 266.063 61.93
1149.72 257.472 61.29
1100.76 249.109 60.65
1053.17 240.974 60.01
1006.94 233.06 59.37
962.087 225.361 58.73
918.596 217.866 58.08
876.468 210.564 57.44
835.678 203.443 56.79
796.212 196.488 56.15
758.042 189.685 55.51
721.136 183.017 54.86
685.459 176.47 54.22
650.975 170.028 53.59
617.639 163.675 52.95
585.401 157.397 52.31
554.213 151.179 51.68
524.021 145.006 51.04
494.771 138.865 50.4
466.409 132.74 49.76
438.875 126.615 49.12
412.118 120.469 48.47
386.082 114.295 47.81
360.717 108.087 47.14
335.975 101.843 46.46
311.816 95.5627 45.75
288.205 89.2487 45.03
265.113 82.9057 44.27
242.522 76.5419 43.49
220.43 70.1698 42.66
198.838 63.8043 41.79
177.76 57.4635 40.86
157.216 51.1679 39.85
137.245 44.9443 38.76
117.891 38.8215 37.57
99.2256 32.8362 36.23
81.3388 27.0327 34.71
64.3521 21.4652 32.93
48.4296 16.2024 30.8
33.7987 11.3342 28.1
20.7901 6.98613 24.4
9.93918 3.35703 18.44
2.334 1 0
1 1 0
1 1 0
1 1 0
1 1 0
1 1 0
1 1 0
1 1 0
1 1 0
1 1 0
1 1 0
1 1 0
1 1 0
1 1 0
1 1 0
1 1 0
1 1 0
1 1 0
1 1 0
1 1 0
1 1 0
1 1 0
1 1 0
1 1 0
1 1 0
1 1 0
1 1 0
1 1 0
1 1 0
1 1 0
1 1 0
1 1 0
1 1 0
1 1 0
1 1 0
1 1 0
1 1 0
1 1 0
1 1 0
1 1 0
1 1 0
1 1 0
1 1 0
1 1 0
1 1 0
