1 1 0
1 1 0
1 1 0
1 1 0
1 1 0
1 1 0
1 1 0
1 1 0
1 1 0
1 1 0
1 1 0
1 1 0
1 1 0
1 1 0
1 1 0
1 1 0
1 1 0
1 1 0
1 1 0
1 1 0
1 1 0
1.45661 1 0
2.97879 1 0
5.32173 1 0
8.37696 1.29116 107.4
12.0797 1.94067 110.71
16.3862 2.69636 112.77
21.2654 3.55271 114.24
26.6944 4.50563 115.35
32.6566 5.5521 116.22
39.1393 6.68984 116.9
46.1335 7.91717 117.44
53.6328 9.23284 117.88
61.6327 10.636 118.23
70.1303 12.126 118.51
79.1249 13.7027 118.74
88.6157 15.3657 118.91
98.6037 17.1151 119.04
109.09 18.9511 119.13
120.078 20.8738 119.19
131.569 22.8837 119.23
143.567 24.9811 119.24
156.075 27.1665 119.23
169.097 29.4403 119.2
182.637 31.8031 119.15
196.7 34.2554 119.09
211.289 36.7979 119.01
226.41 39.431 118.92
242.066 42.1553 118.82
258.262 44.9714 118.71
275.003 47.8799 118.59
292.293 50.8812 118.46
310.137 53.9759 118.33
328.538 57.1644 118.18
347.502 60.4472 118.03
367.031 63.8247 117.88
387.131 67.2972 117.71
407.804 70.8652 117.54
429.055 74.5288 117.37
450.886 78.2883 117.19
473.303 82.144 117.01
496.305 86.0958 116.82
519.897 90.144 116.63
544.08 94.2884 116.43
568.858 98.5291 116.24
594.23 102.866 116.03
620.202 107.299 115.83
646.77 111.827 115.62
673.939 116.451 115.41
701.706 121.17 115.19
730.077 125.984 114.97
759.045 130.892 114.75
788.612 135.893 114.53
818.781 140.987 114.3
849.546 146.173 114.07
880.906 151.45 113.84
912.863 156.817 113.61
945.409 162.274 113.38
978.546 167.82 113.14
1012.27 173.452 112.9
1046.57 179.17 112.66
1081.46 184.974 112.41
1116.92 190.861 112.17
1152.95 196.83 111.92
1189.55 202.879 111.67
1226.71 209.008 111.42
1264.42 215.215 111.17
1302.69 221.498 110.91
1341.5 227.855 110.65
1380.85 234.285 110.4
1420.66 240.778 110.14
1460.86 247.324 109.87
1501.41 253.92 109.61
1542.31 260.56 109.34
1583.5 267.239 109.07
1624.97 273.954 108.8
1666.68 280.698 108.53
1708.6 287.467 108.25
1750.69 294.255 107.98
1792.91 301.056 107.7
1835.24 307.865 107.42
1877.62 314.676 107.13
1920.02 321.483 106.85
1962.4 328.279 106.56
2004.72 335.059 106.27
2046.94 341.816 105.98
2089 348.545 105.69
2130.87 355.238 105.39
2172.51 361.889 105.09
2213.86 368.493 104.79
2254.89 375.042 104.49
2295.54 381.53 104.18
2335.77 387.951 103.88
2375.53 394.298 103.57
2414.79 400.565 103.26
2453.48 406.746 102.94
2491.57 412.835 102.63
2529.01 418.826 102.31
2565.75 424.712 101.99
2601.75 430.487 101.67
2636.97 436.147 101.35
2671.36 441.684 101.02
2704.87 447.094 100.69
2737.47 452.371 100.36
2769.11 457.51 100.03
2799.75 462.505 99.7
2829.36 467.351 99.36
2857.88 472.044 99.03
2885.3 476.577 98.69
2911.56 480.948 98.34
2936.63 485.151 98
2960.49 489.181 97.65
2983.08 493.035 97.31
3004.39 496.707 96.96
3024.39 500.195 96.6
3043.04 503.494 96.25
3060.31 506.6 95.89
3076.19 509.51 95.54
3090.64 512.22 95.18
3103.64 514.727 94.81
3115.17 517.027 94.45
3125.21 519.117 94.08
3133.75 520.995 93.72
3140.76 522.657 93.34
3146.22 524.1 92.97
3150.14 525.323 92.6
3152.49 526.322 92.22
3153.26 527.095 91.84
3152.45 527.641 91.46
3150.05 527.956 91.08
3146.06 528.04 90.69
3140.46 527.89 90.31
3133.27 527.505 89.92
3124.48 526.884 89.52
3114.1 526.026 89.13
3102.13 524.929 88.73
3088.57 523.593 88.33
3073.44 522.018 87.93
3056.76 520.204 87.53
3038.52 518.15 87.12
3018.76 515.857 86.71
2997.47 513.326 86.29
2974.69 510.557 85.88
2950.45 507.552 85.46
2924.76 504.313 85.04
2897.65 500.841 84.61
2869.15 497.139 84.19
2839.28 493.21 83.76
2808.1 489.056 83.32
2775.62 484.682 82.88
2741.9 480.09 82.44
2706.96 475.286 82
2670.86 470.275 81.55
2633.63 465.06 81.1
2595.34 459.649 80.65
2556.01 454.048 80.19
2515.72 448.262 79.72
2474.49 442.299 79.26
2432.41 436.166 78.79
2389.51 429.871 78.31
2345.86 423.423 77.83
2301.51 416.831 77.35
2256.54 410.102 76.87
2210.99 403.248 76.37
2164.92 396.278 75.88
2118.42 389.202 75.38
2071.53 382.031 74.87
2024.33 374.776 74.37
1976.87 367.448 73.85
1929.22 360.058 73.33
1881.45 352.618 72.81
1833.62 345.139 72.28
1785.79 337.635 71.75
1738.03 330.116 71.21
1690.39 322.594 70.67
1642.94 315.082 70.13
1595.73 307.591 69.58
1548.83 300.134 69.02
1502.29 292.72 68.46
1456.16 285.363 67.9
1410.5 278.072 67.33
1365.34 270.857 66.75
1320.75 263.73 66.18
1276.77 256.699 65.59
1233.42 249.772 65.01
1190.77 242.958 64.42
1148.83 236.264 63.82
1107.65 229.695 63.22
1067.25 223.257 62.62
1027.65 216.953 62.02
988.894 210.785 61.41
950.985 204.755 60.8
913.942 198.862 60.19
877.784 193.104 59.58
842.514 187.479 58.96
808.142 181.981 58.34
774.671 176.604 57.72
742.1 171.342 57.11
710.425 166.187 56.49
679.642 161.13 55.87
649.741 156.162 55.25
620.707 151.274 54.63
592.529 146.458 54.02
565.187 141.704 53.4
538.661 137.003 52.78
512.927 132.348 52.17
487.962 127.731 51.56
463.74 123.144 50.95
440.231 118.581 50.33
417.407 114.036 49.72
395.237 109.5 49.11
373.688 104.97 48.49
352.731 100.437 47.87
332.331 95.8951 47.25
312.461 91.3359 46.61
293.086 86.7474 45.97
274.181 82.1247 45.32
255.718 77.469 44.65
237.674 72.783 43.96
220.028 68.0701 43.25
202.763 63.3356 42.52
185.871 58.5864 41.75
169.344 53.8308 40.94
153.184 49.0794 40.09
137.401 44.3452 39.18
122.011 39.6439 38.21
107.041 34.9935 37.15
92.5195 30.4141 35.99
78.4914 25.9302 34.7
65.0138 21.5706 33.24
52.167 17.3722 31.55
40.051 13.3783 29.53
28.8173 9.64981 27.02
18.6748 6.26753 23.65
9.96381 3.36021 18.51
3.33446 1.21545 7.15
1 1 0
1 1 0
1 1 0
1 1 0
1 1 0
1 1 0
1 1 0
1 1 0
1 1 0
1 1 0
1 1 0
1 1 0
1 1 0
1 1 0
1 1 0
1 1 0
1 1 0
1 1 0
1 1 0
1 1 0
1 1 0
1 1 0
1 1 0
1 1 0
1 1 0
1 1 0
1 1 0
1 1 0
1 1 0
1 1 0
1 1 0
1 1 0
1 1 0
1 1 0
1 1 0
1 1 0
1 1 0
1 1 0
1 1 0
1 1 0
1 1 0
1 1 0
1 1 0
1 1 0
1 1 0
