2.11222 1 0
4.61342 1 0
6.81702 1.01819 131.65
9.29518 1.45232 134.73
12.0943 1.94272 135.67
15.2347 2.49293 136.19
18.73 3.10528 136.49
22.5912 3.7817 136.67
26.8284 4.52394 136.77
31.4515 5.33366 136.81
36.4701 6.21253 136.8
41.8942 7.16222 136.75
47.7337 8.18442 136.68
53.9984 9.28083 136.58
60.6989 10.4532 136.47
67.8453 11.7032 136.34
75.4486 13.0327 136.2
83.5194 14.4435 136.04
92.0685 15.9374 135.88
101.108 17.5163 135.7
110.647 19.1819 135.52
120.699 20.9362 135.33
131.275 22.7811 135.14
142.386 24.7184 134.94
154.043 26.7499 134.74
166.26 28.8776 134.53
179.046 31.1034 134.32
192.414 33.429 134.11
206.376 35.8563 133.89
220.944 38.3872 133.67
236.128 41.0234 133.45
251.941 43.7668 133.23
268.394 46.6189 133
285.498 49.5816 132.77
303.264 52.6565 132.54
321.705 55.8452 132.31
340.83 59.1493 132.08
360.649 62.5702 131.84
381.176 66.1094 131.6
402.417 69.7684 131.37
424.385 73.5484 131.13
447.088 77.4507 130.89
470.536 81.4764 130.64
494.737 85.6266 130.4
519.702 89.9023 130.16
545.438 94.3045 129.91
571.952 98.8339 129.66
599.252 103.491 129.42
627.345 108.277 129.17
656.239 113.192 128.92
685.938 118.237 128.67
716.447 123.411 128.41
747.773 128.715 128.16
779.919 134.149 127.9
812.889 139.712 127.65
846.688 145.406 127.39
881.315 151.228 127.13
916.774 157.18 126.87
953.068 163.259 126.61
990.195 169.466 126.35
1028.16 175.8 126.09
1066.95 182.259 125.83
1106.58 188.842 125.56
1147.03 195.548 125.3
1188.31 202.376 125.03
1230.42 209.324 124.76
1273.35 216.39 124.49
1317.09 223.572 124.22
1361.64 230.869 123.95
1407 238.278 123.67
1453.15 245.797 123.4
1500.09 253.423 123.12
1547.8 261.155 122.85
1596.29 268.988 122.57
1645.54 276.922 122.29
1695.54 284.951 122.01
1746.26 293.073 121.73
1797.63 301.277 121.44
1849.63 309.559 121.16
1902.23 317.912 120.87
1955.4 326.333 120.58
2009.1 334.816 120.29
2063.32 343.354 120
2118 351.943 119.71
2173.12 360.575 119.41
2228.65 369.245 119.12
2284.53 377.947 118.82
2340.74 386.673 118.52
2397.23 395.418 118.22
2453.95 404.174 117.92
2510.88 412.935 117.61
2567.95 421.693 117.3
2625.12 430.442 117
2682.35 439.174 116.69
2739.59 447.882 116.38
2796.79 456.56 116.06
2853.9 465.2 115.75
2910.86 473.794 115.43
2967.64 482.337 115.11
3024.17 490.821 114.79
3080.41 499.238 114.47
3136.3 507.583 114.14
3191.8 515.848 113.82
3246.84 524.027 113.49
3301.38 532.114 113.16
3355.37 540.101 112.83
3408.75 547.983 112.5
3461.48 555.754 112.17
3513.51 563.408 111.83
3564.78 570.939 111.49
3615.24 578.342 111.15
3664.85 585.611 110.81
3713.57 592.742 110.47
3761.33 599.729 110.13
3808.11 606.568 109.78
3853.86 613.255 109.44
3898.52 619.784 109.09
3942.06 626.152 108.74
3984.44 632.354 108.39
4025.62 638.388 108.04
4065.56 644.249 107.68
4104.22 649.934 107.33
4141.56 655.44 106.97
4177.55 660.762 106.61
4212.16 665.9 106.25
4245.35 670.848 105.89
4277.1 675.606 105.53
4307.36 680.169 105.17
4336.12 684.536 104.81
4363.34 688.703 104.44
4389.01 692.669 104.08
4413.09 696.431 103.71
4435.55 699.986 103.34
4456.38 703.333 102.97
4475.55 706.468 102.6
4493.05 709.391 102.23
4508.85 712.098 101.86
4522.93 714.586 101.49
4535.27 716.855 101.11
4545.87 718.902 100.74
4554.69 720.724 100.36
4561.73 722.32 99.98
4566.98 723.686 99.6
4570.42 724.821 99.22
4572.03 725.723 98.84
4571.81 726.388 98.46
4569.74 726.815 98.08
4565.84 727.001 97.69
4560.06 726.945 97.31
4552.42 726.642 96.92
4542.92 726.093 96.53
4531.53 725.293 96.14
4518.27 724.241 95.75
4503.13 722.934 95.36
4486.11 721.371 94.96
4467.21 719.549 94.57
4446.44 717.467 94.17
4423.8 715.121 93.77
4399.29 712.512 93.37
4372.93 709.636 92.97
4344.72 706.493 92.56
4314.67 703.082 92.16
4282.81 699.4 91.75
4249.14 695.449 91.34
4213.69 691.226 90.92
4176.48 686.733 90.51
4137.52 681.968 90.09
4096.85 676.933 89.67
4054.49 671.628 89.25
4010.48 666.055 88.82
3964.84 660.216 88.39
3917.63 654.112 87.96
3868.86 647.746 87.52
3818.6 641.121 87.09
3766.89 634.241 86.65
3713.76 627.11 86.2
3659.28 619.734 85.75
3603.51 612.116 85.3
3546.49 604.264 84.85
3488.28 596.184 84.39
3428.97 587.883 83.92
3368.59 579.369 83.46
3307.24 570.65 82.99
3244.97 561.736 82.51
3181.86 552.636 82.03
3117.99 543.361 81.55
3053.44 533.921 81.06
2988.27 524.328 80.57
2922.59 514.594 80.07
2856.46 504.732 79.57
2789.97 494.754 79.06
2723.21 484.674 78.55
2656.25 474.506 78.03
2589.2 464.264 77.51
2522.12 453.964 76.99
2455.11 443.619 76.45
2388.24 433.245 75.92
2321.61 422.857 75.37
2255.29 412.471 74.83
2189.36 402.102 74.27
2123.9 391.765 73.72
2059 381.476 73.15
1994.71 371.25 72.58
1931.11 361.102 72.01
1868.27 351.046 71.43
1806.26 341.097 70.85
1745.13 331.269 70.26
1684.94 321.576 69.66
1625.76 312.029 69.06
1567.62 302.642 68.46
1510.57 293.425 67.85
1454.66 284.39 67.24
1399.93 275.545 66.62
1346.4 266.9 65.99
1294.11 258.462 65.37
1243.08 250.237 64.73
1193.34 242.23 64.1
1144.89 234.445 63.46
1097.76 226.883 62.82
1051.95 219.544 62.17
1007.45 212.428 61.52
964.284 205.529 60.87
922.433 198.844 60.22
881.891 192.365 59.57
842.644 186.082 58.91
804.682 179.987 58.26
767.979 174.067 57.6
732.515 168.31 56.95
698.263 162.704 56.29
665.193 157.234 55.64
633.276 151.887 54.99
602.474 146.652 54.34
572.751 141.515 53.69
544.067 136.465 53.05
516.383 131.491 52.4
489.653 126.581 51.76
463.834 121.728 51.12
438.88 116.92 50.47
414.746 112.149 49.83
391.385 107.408 49.19
368.75 102.686 48.54
346.799 97.9747 47.89
325.484 93.2652 47.23
304.767 88.5461 46.56
284.605 83.8028 45.88
264.965 79.025 45.19
245.815 74.2133 44.48
227.128 69.3704 43.74
208.886 64.5013 42.98
191.072 59.6128 42.18
173.68 54.7144 41.34
156.717 49.819 40.46
140.19 44.9408 39.51
124.116 40.097 38.5
108.52 35.3075 37.41
93.4389 30.5959 36.2
78.9211 25.9899 34.87
65.0305 21.5227 33.35
51.8522 17.2346 31.6
39.5004 13.1755 29.51
28.13 9.40956 26.9
17.9673 6.02529 23.4
9.35874 3.15598 18
2.96934 1.11551 5.47
1 1 0
1 1 0
1 1 0
1 1 0
1 1 0
1 1 0
1 1 0
1 1 0
1 1 0
1 1 0
1 1 0
1 1 0
1 1 0
1 1 0
1 1 0
1 1 0
1 1 0
1 1 0
1 1 0
1 1 0
1 1 0
1 1 0
1 1 0
1 1 0
1 1 0
1 1 0
1 1 0
1 1 0
1 1 0
1 1 0
1 1 0
1 1 0
1 1 0
1 1 0
1 1 0
1 1 0
1 1 0
