2.49834 1 0
4.17866 1 0
5.36803 1 0
6.5757 1 0
7.84574 1.02763 121.14
9.19567 1.23197 122.58
10.6354 1.45007 122.96
12.172 1.68299 123.09
13.8108 1.93155 123.1
15.5569 2.1965 123.04
17.4146 2.4785 122.94
19.3883 2.77819 122.81
21.4822 3.09621 122.65
23.7002 3.43318 122.48
26.0466 3.7897 122.3
28.5254 4.16641 122.11
31.1409 4.56392 121.91
33.8971 4.98286 121.71
36.7984 5.42387 121.49
39.8492 5.88759 121.28
43.0535 6.37467 121.06
46.4159 6.88575 120.84
49.9409 7.42152 120.62
53.6331 7.98264 120.4
57.4968 8.56978 120.17
61.5368 9.18363 119.94
65.7579 9.82489 119.71
70.1644 10.4942 119.48
74.7617 11.1924 119.25
79.5543 11.9201 119.02
84.5472 12.678 118.79
89.7453 13.4669 118.56
95.1535 14.2874 118.33
100.777 15.1404 118.09
106.621 16.0265 117.86
112.69 16.9465 117.63
118.99 17.9011 117.39
125.525 18.8911 117.16
132.302 19.9172 116.92
139.325 20.9801 116.69
146.6 22.0807 116.45
154.131 23.2196 116.22
161.924 24.3976 115.98
169.985 25.6154 115.75
178.319 26.8738 115.51
186.931 28.1736 115.28
195.826 29.5154 115.04
205.011 30.9 114.8
214.49 32.3281 114.57
224.268 33.8004 114.33
234.352 35.3177 114.09
244.746 36.8807 113.86
255.455 38.4901 113.62
266.486 40.1464 113.38
277.843 41.8506 113.14
289.531 43.6031 112.9
301.556 45.4048 112.66
313.923 47.2561 112.42
326.637 49.1578 112.19
339.703 51.1105 111.95
353.126 53.1148 111.7
366.91 55.1712 111.46
381.061 57.2804 111.22
395.578 59.4427 110.98
410.461 61.6587 110.74
425.717 63.9286 110.5
441.344 66.2531 110.25
457.349 68.6323 110.01
473.73 71.0667 109.77
490.49 73.5565 109.52
507.631 76.102 109.28
525.153 78.7032 109.03
543.056 81.3605 108.79
561.341 84.0737 108.54
580.007 86.843 108.29
599.053 89.6682 108.04
618.477 92.5492 107.8
638.278 95.4858 107.55
658.452 98.4778 107.3
678.997 101.525 107.05
699.908 104.626 106.79
721.182 107.782 106.54
742.814 110.991 106.29
764.795 114.253 106.03
787.123 117.566 105.78
809.788 120.931 105.52
832.782 124.345 105.26
856.095 127.808 105.01
879.722 131.319 104.75
903.647 134.877 104.48
927.863 138.479 104.22
952.355 142.124 103.96
977.111 145.811 103.7
1002.12 149.538 103.43
1027.36 153.303 103.16
1052.82 157.104 102.9
1078.48 160.938 102.63
1104.33 164.804 102.36
1130.35 168.7 102.09
1156.52 172.622 101.81
1182.81 176.568 101.54
1209.21 180.535 101.26
1235.7 184.521 100.98
1262.25 188.522 100.7
1288.84 192.536 100.42
1315.44 196.56 100.14
1342.04 200.59 99.86
1368.6 204.623 99.57
1395.1 208.655 99.28
1421.52 212.683 99
1447.81 216.704 98.7
1473.97 220.714 98.41
1499.95 224.709 98.12
1525.74 228.685 97.82
1551.29 232.639 97.52
1576.58 236.567 97.23
1601.59 240.464 96.92
1626.28 244.328 96.62
1650.61 248.153 96.32
1674.57 251.937 96.01
1698.11 255.674 95.7
1721.22 259.361 95.39
1743.85 262.994 95.08
1765.98 266.569 94.76
1787.57 270.082 94.44
1808.61 273.529 94.13
1829.05 276.905 93.8
1848.87 280.208 93.48
1868.04 283.433 93.16
1886.53 286.575 92.83
1904.32 289.632 92.5
1921.37 292.599 92.17
1937.67 295.474 91.84
1953.17 298.251 91.5
1967.87 300.928 91.16
1981.73 303.5 90.82
1994.74 305.965 90.48
2006.87 308.319 90.14
2018.09 310.559 89.79
2028.4 312.682 89.44
2037.76 314.684 89.09
2046.16 316.562 88.74
2053.59 318.314 88.38
2060.03 319.937 88.02
2065.46 321.429 87.66
2069.88 322.785 87.3
2073.26 324.006 86.94
2075.61 325.087 86.57
2076.9 326.027 86.2
2077.15 326.824 85.83
2076.32 327.476 85.45
2074.44 327.981 85.08
2071.48 328.339 84.7
2067.45 328.548 84.31
2062.35 328.606 83.93
2056.19 328.513 83.54
2048.96 328.268 83.15
2040.66 327.87 82.76
2031.32 327.32 82.36
2020.93 326.617 81.96
2009.51 325.762 81.56
1997.06 324.754 81.15
1983.6 323.594 80.75
1969.15 322.284 80.34
1953.72 320.825 79.92
1937.34 319.217 79.5
1920.01 317.463 79.08
1901.76 315.564 78.66
1882.61 313.522 78.23
1862.6 311.341 77.81
1841.73 309.023 77.37
1820.05 306.57 76.94
1797.58 303.986 76.5
1774.34 301.276 76.05
1750.38 298.442 75.61
1725.73 295.488 75.16
1700.4 292.42 74.7
1674.45 289.242 74.24
1647.91 285.958 73.78
1620.81 282.574 73.32
1593.19 279.096 72.85
1565.08 275.529 72.38
1536.54 271.878 71.9
1507.58 268.151 71.42
1478.27 264.353 70.94
1448.63 260.49 70.45
1418.7 256.57 69.96
1388.53 252.598 69.47
1358.15 248.581 68.97
1327.61 244.527 68.47
1296.94 240.442 67.96
1266.19 236.332 67.45
1235.39 232.204 66.93
1204.58 228.066 66.42
1173.79 223.922 65.9
1143.07 219.779 65.37
1112.45 215.643 64.84
1081.97 211.519 64.31
1051.65 207.413 63.78
1021.53 203.327 63.24
991.641 199.267 62.7
962.012 195.235 62.15
932.669 191.233 61.61
903.64 187.264 61.06
874.947 183.327 60.51
846.614 179.424 59.95
818.66 175.552 59.4
791.105 171.71 58.84
763.964 167.897 58.28
737.254 164.108 57.72
710.985 160.341 57.16
685.169 156.592 56.6
659.813 152.856 56.03
634.924 149.129 55.47
610.508 145.407 54.9
586.563 141.686 54.34
563.093 137.961 53.77
540.095 134.228 53.21
517.564 130.484 52.64
495.496 126.724 52.08
473.884 122.945 51.51
452.718 119.143 50.94
431.99 115.315 50.37
411.687 111.457 49.8
391.796 107.565 49.23
372.309 103.636 48.65
353.206 99.6661 48.06
334.477 95.6502 47.48
316.108 91.5824 46.88
298.082 87.4539 46.27
280.39 83.262 45.66
263.018 79.0094 45.03
245.954 74.7001 44.38
229.191 70.3391 43.71
212.722 65.9324 43.02
196.541 61.4873 42.31
180.648 57.0121 41.56
165.046 52.5166 40.78
149.741 48.0118 39.95
134.748 43.5111 39.06
120.083 39.0288 38.11
105.773 34.583 37.08
91.8523 30.1933 35.96
78.3667 25.8843 34.71
65.3744 21.6842 33.3
52.9527 17.6277 31.68
41.2032 13.7579 29.76
30.2587 10.1284 27.4
20.3116 6.81348 24.32
11.6469 3.92062 19.84
4.7486 1.64604 11.45
1 1 0
1 1 0
1 1 0
1 1 0
1 1 0
1 1 0
1 1 0
1 1 0
1 1 0
1 1 0
1 1 0
1 1 0
1 1 0
1 1 0
1 1 0
1 1 0
1 1 0
1 1 0
1 1 0
1 1 0
1 1 0
1 1 0
1 1 0
1 1 0
1 1 0
1 1 0
1 1 0
1 1 0
1 1 0
1 1 0
1 1 0
1 1 0
1 1 0
1 1 0
1 1 0
1 1 0
1 1 0
1 1 0
1 1 0
1 1 0
1 1 0
1 1 0
1 1 0
1 1 0
1 1 0
1 1 0
1 1 0
1 1 0
1 1 0
1 1 0
