1 1 0
1 1 0
1 1 0
1 1 0
1 1 0
1 1 0
1.00075 1 0
1.05604 1 0
1.31819 1 0
1.9225 1 0
2.96095 1 0
4.49257 1 0
6.55453 1 0
9.17013 1.44403 120.57
12.3541 2.00764 122.75
16.1158 2.67366 124.24
20.4619 3.44321 125.35
25.3971 4.31708 126.21
30.9254 5.29595 126.89
37.0506 6.3804 127.42
43.7766 7.57105 127.85
51.1075 8.86854 128.18
59.0479 10.2736 128.45
67.6027 11.7869 128.65
76.7774 13.4095 128.81
86.5779 15.1421 128.92
97.0104 16.9858 128.99
108.081 18.9416 129.04
119.799 21.0106 129.05
132.169 23.1939 129.05
145.2 25.4927 129.02
158.9 27.9082 128.97
173.277 30.4416 128.91
188.338 33.0941 128.83
204.093 35.8669 128.73
220.549 38.7613 128.63
237.715 41.7784 128.51
255.599 44.9194 128.38
274.209 48.1856 128.25
293.555 51.5779 128.1
313.643 55.0976 127.95
334.481 58.7456 127.79
356.078 62.5229 127.63
378.441 66.4305 127.46
401.577 70.4692 127.28
425.493 74.6398 127.1
450.195 78.9431 126.91
475.691 83.3796 126.72
501.986 87.95 126.52
529.086 92.6547 126.32
556.995 97.494 126.12
585.719 102.468 125.91
615.261 107.578 125.7
645.627 112.822 125.48
676.819 118.202 125.27
708.84 123.717 125.05
741.691 129.366 124.82
775.376 135.15 124.6
809.895 141.068 124.37
845.249 147.119 124.13
881.437 153.303 123.9
918.459 159.618 123.66
956.314 166.064 123.42
995.002 172.639 123.18
1034.52 179.342 122.94
1074.86 186.173 122.69
1116.02 193.128 122.45
1158 200.208 122.2
1200.79 207.409 121.94
1244.39 214.729 121.69
1288.78 222.168 121.43
1333.97 229.723 121.18
1379.94 237.39 120.92
1426.69 245.169 120.65
1474.21 253.056 120.39
1522.48 261.048 120.12
1571.5 269.143 119.86
1621.25 277.338 119.59
1671.73 285.63 119.32
1722.91 294.016 119.04
1774.8 302.492 118.77
1827.36 311.055 118.49
1880.6 319.702 118.21
1934.49 328.428 117.93
1989.02 337.231 117.65
2044.18 346.107 117.37
2099.94 355.052 117.08
2156.29 364.062 116.8
2213.19 373.13 116.51
2270.46 382.233 116.22
2328.04 391.361 115.93
2385.88 400.507 115.63
2443.93 409.662 115.33
2502.15 418.82 115.04
2560.48 427.972 114.74
2618.88 437.11 114.43
2677.29 446.227 114.13
2735.65 455.314 113.82
2793.92 464.364 113.51
2852.04 473.369 113.2
2909.95 482.32 112.89
2967.6 491.21 112.57
3024.92 500.03 112.26
3081.88 508.774 111.94
3138.4 517.433 111.62
3194.43 526.001 111.29
3249.91 534.469 110.97
3304.8 542.831 110.64
3359.04 551.079 110.31
3412.56 559.206 109.98
3465.32 567.208 109.65
3517.25 575.075 109.32
3568.33 582.803 108.98
3618.48 590.386 108.64
3667.65 597.817 108.3
3715.81 605.092 107.96
3762.9 612.205 107.62
3808.87 619.15 107.27
3853.67 625.923 106.93
3897.28 632.519 106.58
3939.63 638.935 106.23
3980.68 645.164 105.88
4020.41 651.204 105.53
4058.77 657.051 105.17
4095.71 662.7 104.82
4131.21 668.149 104.46
4165.23 673.394 104.1
4197.74 678.431 103.74
4228.71 683.258 103.38
4258.09 687.871 103.02
4285.87 692.268 102.66
4312.02 696.446 102.29
4336.51 700.402 101.93
4359.32 704.133 101.56
4380.41 707.638 101.19
4399.77 710.912 100.82
4417.37 713.954 100.45
4433.21 716.762 100.08
4447.25 719.332 99.71
4459.47 721.662 99.33
4469.87 723.751 98.96
4478.42 725.595 98.58
4485.1 727.192 98.2
4489.92 728.539 97.82
4492.85 729.635 97.44
4493.88 730.476 97.06
4493 731.061 96.68
4490.2 731.386 96.3
4485.48 731.45 95.91
4478.82 731.25 95.53
4470.23 730.783 95.14
4459.7 730.048 94.75
4447.22 729.041 94.36
4432.79 727.762 93.97
4416.42 726.206 93.57
4398.11 724.374 93.18
4377.85 722.262 92.78
4355.66 719.868 92.38
4331.54 717.192 91.98
4305.5 714.231 91.58
4277.55 710.984 91.17
4247.71 707.45 90.76
4215.99 703.629 90.36
4182.41 699.52 89.94
4146.98 695.122 89.53
4109.74 690.436 89.11
4070.69 685.463 88.7
4029.89 680.202 88.27
3987.34 674.655 87.85
3943.09 668.825 87.42
3897.18 662.714 86.99
3849.64 656.323 86.56
3800.51 649.657 86.12
3749.85 642.719 85.69
3697.69 635.514 85.24
3644.1 628.047 84.8
3589.12 620.323 84.35
3532.82 612.349 83.89
3475.25 604.132 83.44
3416.48 595.68 82.98
3356.59 587 82.51
3295.62 578.103 82.04
3233.67 568.996 81.57
3170.8 559.692 81.09
3107.1 550.201 80.61
3042.64 540.534 80.12
2977.5 530.704 79.63
2911.77 520.724 79.13
2845.54 510.608 78.63
2778.89 500.368 78.13
2711.9 490.02 77.61
2644.67 479.579 77.1
2577.29 469.06 76.58
2509.84 458.479 76.05
2442.42 447.852 75.52
2375.1 437.195 74.98
2307.99 426.524 74.44
2241.15 415.857 73.89
2174.69 405.209 73.34
2108.68 394.598 72.78
2043.21 384.04 72.22
1978.34 373.551 71.65
1914.16 363.148 71.07
1850.74 352.846 70.49
1788.15 342.661 69.91
1726.46 332.607 69.31
1665.72 322.7 68.72
1606 312.952 68.12
1547.35 303.377 67.51
1489.82 293.987 66.9
1433.46 284.792 66.28
1378.31 275.803 65.66
1324.41 267.028 65.03
1271.78 258.475 64.4
1220.47 250.149 63.77
1170.48 242.055 63.13
1121.85 234.194 62.49
1074.59 226.568 61.84
1028.71 219.174 61.2
984.204 212.008 60.55
941.087 205.065 59.9
899.352 198.337 59.25
858.992 191.814 58.6
819.995 185.486 57.94
782.343 179.34 57.29
746.021 173.363 56.64
710.999 167.543 56
677.25 161.866 55.35
644.743 156.32 54.71
613.438 150.892 54.07
583.298 145.57 53.43
554.277 140.344 52.8
526.327 135.204 52.17
499.4 130.139 51.55
473.441 125.142 50.92
448.396 120.202 50.3
424.209 115.312 49.68
400.822 110.464 49.06
378.181 105.648 48.44
356.23 100.857 47.81
334.916 96.0809 47.18
314.19 91.3121 46.54
294.008 86.5414 45.89
274.347 81.764 45.23
255.191 76.9725 44.55
236.524 72.1593 43.85
218.333 67.3301 43.13
200.606 62.4933 42.38
183.335 57.6583 41.59
166.516 52.8354 40.77
150.145 48.0357 39.9
134.227 43.272 38.98
118.77 38.5581 37.98
103.787 33.9099 36.9
89.3023 29.3459 35.71
75.3483 24.8876 34.39
61.9725 20.5614 32.88
49.2417 16.3999 31.12
37.253 12.4462 28.99
26.152 8.75972 26.28
16.174 5.43136 22.52
7.73868 2.62136 16.28
1.81486 1 0
1 1 0
1 1 0
1 1 0
1 1 0
1 1 0
1 1 0
1 1 0
1 1 0
1 1 0
1 1 0
1 1 0
1 1 0
1 1 0
1 1 0
1 1 0
1 1 0
1 1 0
1 1 0
1 1 0
1 1 0
1 1 0
1 1 0
1 1 0
1 1 0
1 1 0
1 1 0
1 1 0
1 1 0
1 1 0
1 1 0
1 1 0
1 1 0
1 1 0
1 1 0
1 1 0
1 1 0
1 1 0
1 1 0
