15.8888079301075 36.2419825259736 0.000720200738854141
19.07573441416 35.8255613112185 0.000974326762938757
18.3939551088983 37.0274260778301 0.000954001666543542
17.7592940033092 35.4577161430178 0.000871830792878407
16.4614985586327 35.7553901789166 0.000874941193263927
15.8312753175243 35.5535151952014 0.000922263634449964
13.0417512042354 35.7439905735241 0.000645860639427616
16.4754095514078 36.0037985368744 0.00086965114043761
12.9124391392945 36.43880786921 0.000644169180506836
22.6358994510849 35.5466788461879 0.00150465588929373
19.6127641189301 35.2675436739953 0.0010847578546542
18.8905947979367 35.5667650133816 0.000963034579894654
18.898279390404 35.4177885677253 0.00127261971346295
20.9928588990857 36.3499024182782 0.00111801454134054
18.4313107721549 35.9150545667179 0.000938622547770968
13.5404856020182 35.8517394975726 0.00063351790863847
16.8937339166751 35.1992269728314 0.000667935549165663
19.5427006779768 35.9108460663935 0.000999583978936073
19.9426488993704 35.8815288514233 0.00101208488567646
18.1634696399772 35.410770861208 0.000826111869280924
15.8785679346516 35.2370991127679 0.000742145626980427
20.5353532137779 36.2525537592216 0.00115524895295868
14.7251908103965 35.7293786684198 0.000779612850873794
20.7346096402842 35.9835489846227 0.00111662172638704
19.7506869070358 35.6655495715035 0.000956871436798445
18.6967903110034 35.8351130278053 0.000909132992283875
15.0231471348532 36.3272288024309 0.000616237095138298
17.5359794621976 36.3603460928283 0.000792666139992919
18.7478139535257 36.2311409082096 0.00100041551287003
18.5807107012135 36.3383282624631 0.00083929760953028
20.1872387401147 36.2285866344861 0.00100106257557053
17.9516669063997 35.856034325813 0.000780702330710003
14.8622067506531 35.096614269068 0.000642834491974499
17.9285245902607 36.9209621873493 0.00088021776771674
18.5634606320946 36.0741416866468 0.000982464622374399
15.9252174143195 35.3998224938736 0.000745791923329372
19.6286230683824 35.9438905711111 0.00094372171669125
15.6983893377296 35.0593854545273 0.000805191746918057
17.5399058091302 35.6912485748595 0.000868133443368559
16.9458900157433 36.3219295019356 0.00075793357902972
18.0669452864958 36.5603306906033 0.000827698006516487
18.2258425691211 37.8375518089523 0.000818353752420467
18.1444964211244 36.3242188522204 0.000892132705085859
13.5990131703621 35.9060644210284 0.000576663698358264
19.2027704882107 35.4121444758073 0.00104270878861978
19.799425702575 35.6383393638026 0.00107620710734436
19.6432416308847 36.0155789583948 0.00109041790119964
18.4772963884242 35.4247568633031 0.000982529601942631
18.6981928151602 36.1606791537783 0.000903834412315794
17.8478629412374 35.801485576245 0.00090921539057825
