13.9068378474472 37.9710193376413 -0.0062265630353197
13.5777396429244 37.8419752675078 -0.0059520298591848
13.561745814188 38.7867186117473 -0.00569511351666046
14.0901348284454 38.1227207322866 -0.00605052115945065
13.517610086169 38.9345251723035 -0.00555613577956441
13.1974607718405 38.2694956291531 -0.00551460651934091
12.940252394935 38.3745443468976 -0.00566283280270104
12.889339935867 38.0827998596038 -0.00578262405038518
12.994572657249 38.5102740861066 -0.00532898584225212
13.6952849393904 38.1017726673867 -0.00595741945857752
14.6680534741425 37.2938247105353 -0.0068892702227957
14.3711771221816 38.1128354494145 -0.00674250165813593
13.6113783431719 38.268068954271 -0.00569370995015836
13.7493780333314 37.7963916325455 -0.0062393592395091
14.0396461422326 38.2222268773857 -0.00634107533342545
13.4987174907253 38.121891524753 -0.00621238757118932
12.5807783636727 38.3744153284594 -0.00555099637817639
13.975021594073 37.7713011716481 -0.00641460557338653
12.9714772956637 38.7184557882994 -0.00536562744104309
13.7650095300868 38.5579628436954 -0.00602769507842006
11.3108390457435 38.0237187489933 -0.0047850666132113
13.7269583444009 38.7215822055278 -0.00569576276618378
14.3458631595853 38.7459325028755 -0.00658324784347066
12.9423311027735 38.6130404328927 -0.00565695016465963
13.4915146523059 38.3879941232562 -0.00592784688799302
13.835878852893 38.4696490612461 -0.00598860459700826
14.8178638882495 37.8992317042816 -0.00691451705048119
13.9850235033457 37.7378847562238 -0.00678447627051419
14.1109618290591 37.9405581518328 -0.00656725549023131
13.6588775291976 37.7085830630709 -0.00614561249444574
12.0064679261518 38.9193404246624 -0.00475802384802661
13.494939914938 38.3016012451285 -0.00624080171245224
12.7050984536365 38.6704191902933 -0.00532327737147746
13.6380754856938 39.0854958819838 -0.00568121573559308
14.443976068102 38.1944933998953 -0.0064426321035886
14.5907469700326 37.97280388522 -0.00664602544159702
13.3765658622045 37.9466613257886 -0.00601132033069186
13.3818560544052 38.9066878987252 -0.00573215071448373
13.1803585908907 38.965041136652 -0.00545980583334542
13.1437945682929 38.640812256473 -0.00553164415807329
13.1378610691084 39.0741741772014 -0.00540081435229388
13.4717980907977 38.5776633954233 -0.00573295678159492
13.6384111871108 38.1537779158528 -0.00616257497856586
13.701151635287 38.3126554706773 -0.0062028505276859
12.9098436632896 38.5675993785155 -0.00542239148927789
13.6390612126817 37.9501475198011 -0.0059539654569957
13.3852127418867 38.4427627076164 -0.00586518477396511
12.6794207518235 38.8676773994996 -0.00527777000682664
13.4880043634629 38.3276310803927 -0.0058444112028838
13.932082307445 38.2415744460629 -0.00606277186487749
