14.6076627028687 34.3270837552483 0.0107068195878837
13.0835261259911 36.3121933237906 0.00597368172277378
15.432067980195 34.0383967086341 0.0073047226942967
15.0397456736374 34.8091147773821 0.00872681191306161
11.643299743508 34.7493193404283 0.00688894649882778
15.7970949782928 34.135453502451 0.00975422148626172
14.9347886007833 34.3809248952445 0.00888117752408908
17.9384405066685 34.1401344787119 0.0140694015952987
17.9909020610661 34.7008420984545 0.00832010919340363
9.86989679944977 35.2407847655104 0.00643355220363928
19.8203701391508 34.0309864871611 0.0167523501339397
17.8023721990935 34.1637642732514 0.0124255599078182
9.67084904388498 34.147680034825 0.00545789069450378
17.4735317595461 35.1269174742117 0.00808050644199716
14.6264481967917 34.6496012366826 0.00566294612540861
14.2970509728142 34.1028242365967 0.0107440804192698
12.3940170913497 34.8915450528918 0.00682228472314503
14.7590423554259 34.1529824163185 0.00908226911742418
14.11741992907 34.0468747458717 0.00785260666171493
18.2139317255441 34.1103175386369 0.0114495754081218
12.9388200962987 36.5762428978941 0.00420452790757634
12.5177294449179 37.133621975371 0.00528587579399935
19.3999722395688 34.180388902913 0.0121961917811249
16.0222710483847 34.1589695596672 0.0099358389142705
14.0389675167151 34.5891633027757 0.00644461381049927
9.80300826043442 35.2558312084802 0.00527489769174315
15.8858284861733 34.0794936577403 0.0083525082270449
15.8601182290295 34.8392204318956 0.0121163617659011
15.0438064046334 34.0717781937054 0.00826806194887648
14.874333313128 34.8025603113975 0.00847930041845422
13.4151953928903 34.2324800928322 0.00778296324472682
13.1670144357106 35.9283281300581 0.006883028572464
9.55026457504416 36.6073155581949 0.0035081730984514
6.9215829406696 34.3399399570522 0.00485099075445435
19.5152027643775 34.3355126747841 0.0126947069054314
13.8944920306228 34.2069782755622 0.00705318479785433
14.8059073400495 34.769738023248 0.00526596339334974
12.924197766612 34.2214847736273 0.00743371301342631
13.8643934165418 34.5623537275999 0.00755876145298448
18.579677034632 34.207889155478 0.0115706152779739
17.6708705279381 34.1483831752352 0.0106009496750892
13.7642132423421 34.3800059951129 0.010477250246102
14.7624948633154 35.5599224202649 0.00667091919028593
12.8149574925189 35.674901236028 0.00394938629074433
11.7100959723958 35.0518794121666 0.00511064657439772
14.1967537008 34.0657063381921 0.00987994696328981
14.7020381876716 34.5481549980581 0.00781260049408553
12.5740046321759 34.9522769204322 0.00621109663074121
12.6214509395204 35.1777527488295 0.00710760247748368
19.6558554983285 34.1610774321687 0.0115038384104877
